image_size: 1080, 1920
pixel_to_mm_scale: 0.04515
total_files_sampled: 9
n_summary_pt: -0.3800, -0.0600, 0.1800, 0.460532, -0.297991, 0.836129, 0.000000, 0.000000, 0.000000, 1
n_summary_pt: -0.3800, -0.0600, 0.2200, 0.528257, -0.221236, 0.817356, 0.002467, 0.000183, 0.001279, 2
n_summary_pt: -0.3800, -0.0600, 0.2600, 0.583082, -0.223171, 0.780983, 0.000113, 0.000110, 0.000053, 7
n_summary_pt: -0.3800, -0.0200, 0.1800, 0.437957, -0.410866, 0.799515, 0.000102, 0.000020, 0.000036, 8
n_summary_pt: -0.3400, -0.1400, 0.2600, 0.577922, -0.147491, 0.801647, 0.000381, 0.001160, 0.000075, 3
n_summary_pt: -0.3400, -0.1400, 0.3000, 0.579857, -0.092235, 0.808367, 0.000305, 0.001423, 0.000073, 14
n_summary_pt: -0.3400, -0.1000, 0.2200, 0.566785, -0.256152, 0.781659, 0.001037, 0.000443, 0.000670, 30
n_summary_pt: -0.3400, -0.1000, 0.2600, 0.575315, -0.199499, 0.791225, 0.001439, 0.000960, 0.000776, 97
n_summary_pt: -0.3400, -0.1000, 0.3000, 0.573407, -0.158206, 0.801812, 0.001544, 0.000875, 0.000853, 50
n_summary_pt: -0.3400, -0.0600, 0.1800, 0.473073, -0.305767, 0.824041, 0.001723, 0.000816, 0.001127, 36
n_summary_pt: -0.3400, -0.0600, 0.2200, 0.537458, -0.267129, 0.796443, 0.002328, 0.001718, 0.001413, 158
n_summary_pt: -0.3400, -0.0600, 0.2600, 0.571345, -0.242752, 0.781314, 0.001796, 0.001262, 0.001128, 162
n_summary_pt: -0.3400, -0.0600, 0.3000, 0.586952, -0.198661, 0.784870, 0.000000, 0.000000, 0.000000, 1
n_summary_pt: -0.3400, -0.0200, 0.1400, 0.421590, -0.376439, 0.823478, 0.001179, 0.000741, 0.000518, 16
n_summary_pt: -0.3400, -0.0200, 0.1800, 0.468817, -0.357803, 0.804818, 0.002085, 0.001400, 0.000970, 194
n_summary_pt: -0.3400, -0.0200, 0.2200, 0.504392, -0.349505, 0.787215, 0.001515, 0.001393, 0.000819, 105
n_summary_pt: -0.3400, -0.0200, 0.2600, 0.566312, -0.251551, 0.783221, 0.001018, 0.000965, 0.000593, 7
n_summary_pt: -0.3400, 0.0200, 0.1400, 0.405417, -0.426903, 0.806709, 0.000986, 0.001540, 0.000085, 29
n_summary_pt: -0.3400, 0.0200, 0.1800, 0.422907, -0.409863, 0.805869, 0.001144, 0.002457, 0.000137, 18
n_summary_pt: -0.3400, 0.0200, 0.2200, 0.490632, -0.334111, 0.804649, 0.000072, 0.000054, 0.000063, 3
n_summary_pt: -0.3000, -0.1800, 0.2600, 0.614042, -0.027090, 0.788808, 0.000000, 0.000000, 0.000000, 1
n_summary_pt: -0.3000, -0.1800, 0.3000, 0.596885, -0.024381, 0.801801, 0.000105, 0.000082, 0.000061, 10
n_summary_pt: -0.3000, -0.1400, 0.2600, 0.638122, -0.060802, 0.766669, 0.000496, 0.000505, 0.000321, 15
n_summary_pt: -0.3000, -0.1400, 0.3000, 0.573553, -0.041266, 0.814932, 0.002197, 0.001881, 0.001143, 93
n_summary_pt: -0.3000, -0.1000, 0.1800, 0.677252, -0.252841, 0.690942, 0.000000, 0.000000, 0.000000, 1
n_summary_pt: -0.3000, -0.1000, 0.2200, 0.622169, -0.199564, 0.749729, 0.006433, 0.001002, 0.003551, 10
n_summary_pt: -0.3000, -0.1000, 0.2600, 0.600813, -0.143397, 0.781114, 0.004387, 0.001531, 0.002404, 200
n_summary_pt: -0.3000, -0.1000, 0.3000, 0.594357, -0.103600, 0.792975, 0.003620, 0.001621, 0.001956, 239
n_summary_pt: -0.3000, -0.0600, 0.1400, 0.325081, -0.243811, 0.913717, 0.000000, 0.000000, 0.000000, 1
n_summary_pt: -0.3000, -0.0600, 0.1800, 0.467509, -0.271311, 0.823263, 0.017933, 0.006006, 0.006124, 88
n_summary_pt: -0.3000, -0.0600, 0.2200, 0.545872, -0.243024, 0.791250, 0.009798, 0.002801, 0.004287, 528
n_summary_pt: -0.3000, -0.0600, 0.2600, 0.608064, -0.209902, 0.760793, 0.003309, 0.002172, 0.001914, 290
n_summary_pt: -0.3000, -0.0600, 0.3000, 0.632102, -0.143055, 0.760171, 0.000777, 0.000801, 0.000544, 38
n_summary_pt: -0.3000, -0.0200, 0.1000, 0.350365, -0.428024, 0.825859, 0.005786, 0.002091, 0.004119, 10
n_summary_pt: -0.3000, -0.0200, 0.1400, 0.411781, -0.412194, 0.804031, 0.006242, 0.004033, 0.003791, 153
n_summary_pt: -0.3000, -0.0200, 0.1800, 0.479115, -0.342780, 0.799555, 0.005767, 0.004923, 0.002972, 500
n_summary_pt: -0.3000, -0.0200, 0.2200, 0.503559, -0.296968, 0.804784, 0.004462, 0.003744, 0.002355, 353
n_summary_pt: -0.3000, -0.0200, 0.2600, 0.544906, -0.259331, 0.793036, 0.003010, 0.001810, 0.002098, 32
n_summary_pt: -0.3000, -0.0200, 0.3000, 0.632102, -0.307021, 0.711467, 0.000000, 0.000000, 0.000000, 1
n_summary_pt: -0.3000, 0.0200, 0.0600, 0.276458, -0.477202, 0.831790, 0.001048, 0.002156, 0.000770, 13
n_summary_pt: -0.3000, 0.0200, 0.1000, 0.323275, -0.462488, 0.820489, 0.003874, 0.002167, 0.002356, 120
n_summary_pt: -0.3000, 0.0200, 0.1400, 0.395107, -0.433490, 0.804957, 0.003307, 0.002897, 0.001818, 371
n_summary_pt: -0.3000, 0.0200, 0.1800, 0.435999, -0.392447, 0.805946, 0.001558, 0.003490, 0.001295, 113
n_summary_pt: -0.3000, 0.0200, 0.2200, 0.465047, -0.349914, 0.808748, 0.004315, 0.001646, 0.001258, 12
n_summary_pt: -0.3000, 0.0600, 0.0600, 0.228008, -0.526752, 0.818519, 0.000396, 0.000086, 0.000089, 12
n_summary_pt: -0.3000, 0.0600, 0.1000, 0.252841, -0.531482, 0.805053, 0.002283, 0.001571, 0.001634, 7
n_summary_pt: -0.2600, -0.1800, 0.2600, 0.608730, 0.059492, 0.788885, 0.000106, 0.003425, 0.000038, 17
n_summary_pt: -0.2600, -0.1800, 0.3000, 0.579812, 0.042420, 0.812394, 0.000867, 0.000726, 0.000442, 43
n_summary_pt: -0.2600, -0.1800, 0.3400, 0.606818, 0.026187, 0.794248, 0.000127, 0.000056, 0.000072, 10
n_summary_pt: -0.2600, -0.1400, 0.2600, 0.631146, -0.022522, 0.772359, 0.001514, 0.002177, 0.000918, 85
n_summary_pt: -0.2600, -0.1400, 0.3000, 0.598493, -0.004221, 0.798516, 0.001721, 0.001475, 0.000965, 169
n_summary_pt: -0.2600, -0.1400, 0.3400, 0.616049, -0.046153, 0.783708, 0.000558, 0.003197, 0.000401, 9
n_summary_pt: -0.2600, -0.1000, 0.1800, 0.677252, -0.231771, 0.696910, 0.000054, 0.001812, 0.000062, 3
n_summary_pt: -0.2600, -0.1000, 0.2200, 0.565314, -0.125909, 0.800417, 0.013878, 0.002524, 0.007497, 53
n_summary_pt: -0.2600, -0.1000, 0.2600, 0.593735, -0.088431, 0.791781, 0.006717, 0.002427, 0.003599, 454
n_summary_pt: -0.2600, -0.1000, 0.3000, 0.592564, -0.053497, 0.798545, 0.004570, 0.001479, 0.002283, 317
n_summary_pt: -0.2600, -0.1000, 0.3400, 0.629092, -0.039130, 0.774992, 0.000181, 0.001839, 0.000078, 6
n_summary_pt: -0.2600, -0.0600, 0.1400, 0.506434, -0.273158, 0.796972, 0.014657, 0.008740, 0.010347, 12
n_summary_pt: -0.2600, -0.0600, 0.1800, 0.479510, -0.217351, 0.828310, 0.024117, 0.005654, 0.006961, 344
n_summary_pt: -0.2600, -0.0600, 0.2200, 0.532811, -0.189303, 0.807875, 0.017993, 0.004483, 0.005139, 689
n_summary_pt: -0.2600, -0.0600, 0.2600, 0.576548, -0.133527, 0.801381, 0.003609, 0.001970, 0.001972, 460
n_summary_pt: -0.2600, -0.0600, 0.3000, 0.618077, -0.114316, 0.775365, 0.001797, 0.000792, 0.001133, 47
n_summary_pt: -0.2600, -0.0200, 0.1000, 0.352171, -0.377971, 0.823605, 0.020440, 0.023937, 0.010411, 21
n_summary_pt: -0.2600, -0.0200, 0.1400, 0.409236, -0.345381, 0.825170, 0.014610, 0.011407, 0.006316, 504
n_summary_pt: -0.2600, -0.0200, 0.1800, 0.468255, -0.312984, 0.813670, 0.010486, 0.005922, 0.004312, 1216
n_summary_pt: -0.2600, -0.0200, 0.2200, 0.521553, -0.269287, 0.802064, 0.005370, 0.003649, 0.003142, 330
n_summary_pt: -0.2600, -0.0200, 0.2600, 0.553654, -0.208537, 0.802636, 0.002051, 0.001995, 0.001710, 32
n_summary_pt: -0.2600, 0.0200, 0.0200, 0.261871, -0.374746, 0.889362, 0.000000, 0.000020, 0.000004, 2
n_summary_pt: -0.2600, 0.0200, 0.0600, 0.259437, -0.448043, 0.849754, 0.002432, 0.005011, 0.002425, 141
n_summary_pt: -0.2600, 0.0200, 0.1000, 0.319543, -0.470463, 0.813553, 0.005217, 0.006011, 0.003459, 631
n_summary_pt: -0.2600, 0.0200, 0.1400, 0.382602, -0.422455, 0.811752, 0.004463, 0.008083, 0.003660, 900
n_summary_pt: -0.2600, 0.0200, 0.1800, 0.430690, -0.360813, 0.821038, 0.004056, 0.003999, 0.002161, 279
n_summary_pt: -0.2600, 0.0200, 0.2200, 0.467627, -0.333466, 0.815814, 0.000794, 0.002545, 0.001234, 14
n_summary_pt: -0.2600, 0.0600, -0.0200, 0.087720, -0.500522, 0.859554, 0.002090, 0.000533, 0.000328, 7
n_summary_pt: -0.2600, 0.0600, 0.0200, 0.159802, -0.541062, 0.823137, 0.001351, 0.001886, 0.000925, 122
n_summary_pt: -0.2600, 0.0600, 0.0600, 0.213118, -0.513079, 0.827774, 0.002486, 0.002291, 0.001344, 188
n_summary_pt: -0.2600, 0.0600, 0.1000, 0.268277, -0.511702, 0.812871, 0.002113, 0.002055, 0.001262, 117
n_summary_pt: -0.2600, 0.0600, 0.1400, 0.338626, -0.521484, 0.778539, 0.000673, 0.005071, 0.001519, 4
n_summary_pt: -0.2600, 0.1000, 0.0600, 0.162541, -0.586952, 0.793138, 0.000000, 0.000000, 0.000000, 1
n_summary_pt: -0.2200, -0.1800, 0.2600, 0.612788, 0.123160, 0.779772, 0.000245, 0.000875, 0.000157, 36
n_summary_pt: -0.2200, -0.1800, 0.3000, 0.592852, 0.076936, 0.799110, 0.002226, 0.000675, 0.001130, 75
n_summary_pt: -0.2200, -0.1800, 0.3400, 0.628716, 0.091429, 0.770907, 0.000162, 0.001701, 0.000197, 8
n_summary_pt: -0.2200, -0.1400, 0.2200, 0.641132, 0.036120, 0.765166, 0.000652, 0.001033, 0.000481, 3
n_summary_pt: -0.2200, -0.1400, 0.2600, 0.622758, 0.024734, 0.777789, 0.003155, 0.001445, 0.002004, 115
n_summary_pt: -0.2200, -0.1400, 0.3000, 0.614844, 0.047312, 0.782860, 0.003482, 0.001273, 0.002104, 259
n_summary_pt: -0.2200, -0.1400, 0.3400, 0.608022, 0.065468, 0.790484, 0.000276, 0.000668, 0.000214, 12
n_summary_pt: -0.2200, -0.1000, 0.1800, 0.412801, -0.060630, 0.883677, 0.037293, 0.001508, 0.006234, 7
n_summary_pt: -0.2200, -0.1000, 0.2200, 0.544152, -0.071993, 0.806073, 0.036211, 0.003027, 0.009723, 219
n_summary_pt: -0.2200, -0.1000, 0.2600, 0.575586, -0.033254, 0.804354, 0.014077, 0.002085, 0.004447, 545
n_summary_pt: -0.2200, -0.1000, 0.3000, 0.632147, -0.000753, 0.770395, 0.003275, 0.001535, 0.002073, 204
n_summary_pt: -0.2200, -0.1000, 0.3400, 0.632102, 0.054180, 0.772989, 0.000000, 0.000000, 0.000000, 1
n_summary_pt: -0.2200, -0.0600, 0.1000, 0.284446, -0.171571, 0.943203, 0.000020, 0.000000, 0.000002, 2
n_summary_pt: -0.2200, -0.0600, 0.1400, 0.254421, -0.137482, 0.915561, 0.048227, 0.016685, 0.013203, 40
n_summary_pt: -0.2200, -0.0600, 0.1800, 0.383593, -0.134251, 0.870513, 0.056115, 0.009257, 0.011668, 542
n_summary_pt: -0.2200, -0.0600, 0.2200, 0.497793, -0.129991, 0.828542, 0.035801, 0.004227, 0.008795, 736
n_summary_pt: -0.2200, -0.0600, 0.2600, 0.573031, -0.093937, 0.807765, 0.005754, 0.001869, 0.002705, 360
n_summary_pt: -0.2200, -0.0600, 0.3000, 0.631317, -0.075774, 0.769504, 0.001722, 0.000672, 0.001167, 23
n_summary_pt: -0.2200, -0.0200, 0.0600, 0.225751, -0.207691, 0.951788, 0.000000, 0.000000, 0.000000, 1
n_summary_pt: -0.2200, -0.0200, 0.1000, 0.273068, -0.263496, 0.889605, 0.025550, 0.027435, 0.011621, 150
n_summary_pt: -0.2200, -0.0200, 0.1400, 0.323033, -0.239445, 0.878007, 0.035233, 0.021882, 0.010304, 939
n_summary_pt: -0.2200, -0.0200, 0.1800, 0.427114, -0.242845, 0.839580, 0.030039, 0.013927, 0.009739, 1019
n_summary_pt: -0.2200, -0.0200, 0.2200, 0.506479, -0.212471, 0.820583, 0.010638, 0.007881, 0.006461, 136
n_summary_pt: -0.2200, -0.0200, 0.2600, 0.628490, -0.149899, 0.756757, 0.005727, 0.000672, 0.003450, 5
n_summary_pt: -0.2200, 0.0200, -0.0200, 0.072240, -0.496652, 0.859442, 0.000530, 0.006116, 0.002832, 4
n_summary_pt: -0.2200, 0.0200, 0.0200, 0.154633, -0.435980, 0.878446, 0.003652, 0.007682, 0.003008, 185
n_summary_pt: -0.2200, 0.0200, 0.0600, 0.226128, -0.440093, 0.854918, 0.005245, 0.014236, 0.004818, 839
n_summary_pt: -0.2200, 0.0200, 0.1000, 0.298588, -0.412344, 0.841347, 0.009778, 0.016570, 0.006604, 1739
n_summary_pt: -0.2200, 0.0200, 0.1400, 0.362058, -0.382541, 0.832147, 0.010015, 0.013993, 0.006100, 928
n_summary_pt: -0.2200, 0.0200, 0.1800, 0.433591, -0.373963, 0.809205, 0.005562, 0.006757, 0.005019, 121
n_summary_pt: -0.2200, 0.0200, 0.2200, 0.442472, -0.320566, 0.837429, 0.000041, 0.000102, 0.000026, 8
n_summary_pt: -0.2200, 0.0600, -0.1000, -0.146605, -0.566502, 0.807126, 0.004782, 0.000735, 0.000612, 34
n_summary_pt: -0.2200, 0.0600, -0.0600, -0.047776, -0.553394, 0.825055, 0.006302, 0.002942, 0.001513, 141
n_summary_pt: -0.2200, 0.0600, -0.0200, 0.058293, -0.552419, 0.824772, 0.001554, 0.006737, 0.002896, 404
n_summary_pt: -0.2200, 0.0600, 0.0200, 0.128125, -0.530179, 0.831665, 0.002091, 0.006105, 0.002631, 975
n_summary_pt: -0.2200, 0.0600, 0.0600, 0.187473, -0.504503, 0.836530, 0.002744, 0.005193, 0.002610, 858
n_summary_pt: -0.2200, 0.0600, 0.1000, 0.262237, -0.486927, 0.825817, 0.003149, 0.005848, 0.003163, 247
n_summary_pt: -0.2200, 0.0600, 0.1400, 0.315230, -0.477771, 0.812612, 0.001697, 0.006975, 0.003355, 11
n_summary_pt: -0.2200, 0.1000, -0.1000, -0.149899, -0.592370, 0.786681, 0.006151, 0.000639, 0.000970, 5
n_summary_pt: -0.2200, 0.1000, -0.0600, -0.107050, -0.598458, 0.788885, 0.005886, 0.001400, 0.000762, 62
n_summary_pt: -0.2200, 0.1000, -0.0200, 0.036120, -0.587955, 0.804184, 0.001613, 0.003089, 0.001590, 18
n_summary_pt: -0.2200, 0.1000, 0.0200, 0.097941, -0.627935, 0.765635, 0.000475, 0.005741, 0.003693, 13
n_summary_pt: -0.1800, -0.1800, 0.2600, 0.588047, 0.154058, 0.790479, 0.003122, 0.000741, 0.001748, 33
n_summary_pt: -0.1800, -0.1800, 0.3000, 0.604651, 0.119076, 0.784083, 0.002417, 0.001752, 0.001263, 75
n_summary_pt: -0.1800, -0.1800, 0.3400, 0.617428, 0.112311, 0.778156, 0.000101, 0.000489, 0.000051, 16
n_summary_pt: -0.1800, -0.1400, 0.2200, 0.501021, 0.063793, 0.837592, 0.033316, 0.001120, 0.008912, 31
n_summary_pt: -0.1800, -0.1400, 0.2600, 0.585204, 0.071658, 0.792788, 0.016661, 0.001899, 0.005329, 155
n_summary_pt: -0.1800, -0.1400, 0.3000, 0.618963, 0.098388, 0.773756, 0.005272, 0.000979, 0.002255, 345
n_summary_pt: -0.1800, -0.1400, 0.3400, 0.642261, 0.108078, 0.757482, 0.000773, 0.000680, 0.000588, 32
n_summary_pt: -0.1800, -0.1000, 0.1800, 0.261871, -0.019961, 0.908104, 0.089378, 0.000777, 0.016216, 19
n_summary_pt: -0.1800, -0.1000, 0.2200, 0.450800, -0.019158, 0.860977, 0.044737, 0.001210, 0.009184, 296
n_summary_pt: -0.1800, -0.1000, 0.2600, 0.525197, 0.018821, 0.821775, 0.038752, 0.001687, 0.008060, 546
n_summary_pt: -0.1800, -0.1000, 0.3000, 0.608330, 0.048930, 0.779088, 0.015431, 0.001466, 0.003665, 215
n_summary_pt: -0.1800, -0.1000, 0.3400, 0.672737, 0.045150, 0.738425, 0.000020, 0.000082, 0.000013, 2
n_summary_pt: -0.1800, -0.0600, 0.1000, 0.233276, -0.124915, 0.955910, 0.012297, 0.003409, 0.000510, 6
n_summary_pt: -0.1800, -0.0600, 0.1400, 0.214703, -0.066380, 0.950614, 0.038846, 0.004249, 0.002734, 188
n_summary_pt: -0.1800, -0.0600, 0.1800, 0.292032, -0.063820, 0.920710, 0.052065, 0.003677, 0.007196, 844
n_summary_pt: -0.1800, -0.0600, 0.2200, 0.324685, -0.043375, 0.901436, 0.068190, 0.002145, 0.009776, 524
n_summary_pt: -0.1800, -0.0600, 0.2600, 0.519689, -0.046146, 0.828736, 0.032731, 0.001807, 0.006454, 127
n_summary_pt: -0.1800, -0.0600, 0.3000, 0.618557, -0.004515, 0.783511, 0.002059, 0.000122, 0.001296, 8
n_summary_pt: -0.1800, -0.0200, 0.0200, 0.090300, -0.234781, 0.967845, 0.000000, 0.000000, 0.000000, 1
n_summary_pt: -0.1800, -0.0200, 0.0600, 0.095357, -0.093371, 0.974581, 0.014645, 0.015045, 0.002691, 50
n_summary_pt: -0.1800, -0.0200, 0.1000, 0.173515, -0.137169, 0.950554, 0.025062, 0.017932, 0.004531, 720
n_summary_pt: -0.1800, -0.0200, 0.1400, 0.165059, -0.100178, 0.951397, 0.035453, 0.016446, 0.005663, 1151
n_summary_pt: -0.1800, -0.0200, 0.1800, 0.273980, -0.113701, 0.923027, 0.043818, 0.010141, 0.006071, 607
n_summary_pt: -0.1800, -0.0200, 0.2200, 0.436887, -0.128084, 0.880787, 0.010995, 0.002368, 0.003576, 76
n_summary_pt: -0.1800, 0.0200, -0.0200, 0.092056, -0.461284, 0.870292, 0.003424, 0.012636, 0.005275, 36
n_summary_pt: -0.1800, 0.0200, 0.0200, 0.115855, -0.361111, 0.901924, 0.005904, 0.029336, 0.007470, 500
n_summary_pt: -0.1800, 0.0200, 0.0600, 0.180418, -0.343624, 0.888135, 0.011626, 0.038746, 0.010217, 1384
n_summary_pt: -0.1800, 0.0200, 0.1000, 0.229900, -0.303856, 0.884060, 0.021309, 0.041186, 0.010761, 1421
n_summary_pt: -0.1800, 0.0200, 0.1400, 0.302197, -0.299446, 0.867563, 0.025630, 0.029657, 0.011056, 453
n_summary_pt: -0.1800, 0.0200, 0.1800, 0.322705, -0.237632, 0.889291, 0.022487, 0.015742, 0.010324, 19
n_summary_pt: -0.1800, 0.0600, -0.2200, -0.305215, -0.500264, 0.809994, 0.000046, 0.000281, 0.000164, 5
n_summary_pt: -0.1800, 0.0600, -0.1800, -0.325619, -0.498049, 0.800800, 0.002297, 0.001544, 0.000796, 84
n_summary_pt: -0.1800, 0.0600, -0.1400, -0.283306, -0.518265, 0.797441, 0.007381, 0.005147, 0.002699, 305
n_summary_pt: -0.1800, 0.0600, -0.1000, -0.147393, -0.545008, 0.808533, 0.005274, 0.018013, 0.004231, 400
n_summary_pt: -0.1800, 0.0600, -0.0600, -0.051085, -0.548908, 0.824329, 0.003001, 0.010151, 0.003420, 779
n_summary_pt: -0.1800, 0.0600, -0.0200, 0.023584, -0.526993, 0.837136, 0.002273, 0.014044, 0.004607, 1486
n_summary_pt: -0.1800, 0.0600, 0.0200, 0.116494, -0.512549, 0.832485, 0.004182, 0.019899, 0.006610, 1925
n_summary_pt: -0.1800, 0.0600, 0.0600, 0.189778, -0.499675, 0.824812, 0.006253, 0.020618, 0.007122, 675
n_summary_pt: -0.1800, 0.0600, 0.1000, 0.275947, -0.531178, 0.788763, 0.004842, 0.010245, 0.004468, 102
n_summary_pt: -0.1800, 0.1000, -0.2200, -0.275416, -0.519227, 0.809010, 0.000020, 0.000020, 0.000011, 4
n_summary_pt: -0.1800, 0.1000, -0.1800, -0.267138, -0.508316, 0.816765, 0.000665, 0.001709, 0.000773, 24
n_summary_pt: -0.1800, 0.1000, -0.1400, -0.250408, -0.549805, 0.789677, 0.007117, 0.002680, 0.001625, 167
n_summary_pt: -0.1800, 0.1000, -0.1000, -0.141629, -0.587020, 0.791612, 0.004306, 0.002789, 0.001604, 266
n_summary_pt: -0.1800, 0.1000, -0.0600, -0.065379, -0.588693, 0.800696, 0.002869, 0.003281, 0.001903, 358
n_summary_pt: -0.1800, 0.1000, -0.0200, -0.007690, -0.563672, 0.820669, 0.001630, 0.004682, 0.002406, 128
n_summary_pt: -0.1800, 0.1000, 0.0200, 0.078492, -0.532772, 0.839065, 0.000494, 0.003563, 0.001906, 13
n_summary_pt: -0.1400, -0.2200, 0.3000, 0.557282, 0.211561, 0.802824, 0.000087, 0.000020, 0.000046, 7
n_summary_pt: -0.1400, -0.1800, 0.2600, 0.594081, 0.185829, 0.778620, 0.002983, 0.001264, 0.002039, 19
n_summary_pt: -0.1400, -0.1800, 0.3000, 0.590480, 0.186162, 0.783588, 0.000916, 0.001121, 0.000629, 151
n_summary_pt: -0.1400, -0.1800, 0.3400, 0.630509, 0.165728, 0.757490, 0.000319, 0.000585, 0.000298, 17
n_summary_pt: -0.1400, -0.1400, -0.1800, 0.000000, 0.000000, 1.000000, 0.000000, 0.000000, 0.000000, 1
n_summary_pt: -0.1400, -0.1400, -0.1400, 0.000000, 0.000000, 1.000000, 0.000000, 0.000000, 0.000000, 1
n_summary_pt: -0.1400, -0.1400, 0.2200, 0.449889, 0.103200, 0.854545, 0.044050, 0.003491, 0.009161, 28
n_summary_pt: -0.1400, -0.1400, 0.2600, 0.563764, 0.112597, 0.806859, 0.011490, 0.002018, 0.004963, 243
n_summary_pt: -0.1400, -0.1400, 0.3000, 0.615202, 0.147733, 0.770403, 0.002537, 0.001848, 0.001794, 397
n_summary_pt: -0.1400, -0.1400, 0.3400, 0.639655, 0.158929, 0.750140, 0.001328, 0.000494, 0.001052, 55
n_summary_pt: -0.1400, -0.1000, -0.1000, 0.000000, 0.000000, 1.000000, 0.000000, 0.000000, 0.000000, 2
n_summary_pt: -0.1400, -0.1000, -0.0600, 0.000000, 0.000000, 1.000000, 0.000000, 0.000000, 0.000000, 1
n_summary_pt: -0.1400, -0.1000, 0.1400, 0.293476, -0.009030, 0.955529, 0.000020, 0.000734, 0.000001, 2
n_summary_pt: -0.1400, -0.1000, 0.1800, 0.191247, 0.005513, 0.958420, 0.042110, 0.000505, 0.002211, 95
n_summary_pt: -0.1400, -0.1000, 0.2200, 0.389588, 0.034413, 0.882925, 0.056528, 0.001687, 0.009265, 418
n_summary_pt: -0.1400, -0.1000, 0.2600, 0.524859, 0.069354, 0.813290, 0.045583, 0.002282, 0.010407, 485
n_summary_pt: -0.1400, -0.1000, 0.3000, 0.557017, 0.090795, 0.802081, 0.030539, 0.002274, 0.005342, 146
n_summary_pt: -0.1400, -0.0600, -0.1000, 0.000000, 0.000000, 1.000000, 0.000000, 0.000000, 0.000000, 1
n_summary_pt: -0.1400, -0.0600, 0.1000, 0.030417, -0.006654, 0.995251, 0.007898, 0.000411, 0.000196, 19
n_summary_pt: -0.1400, -0.0600, 0.1400, 0.140964, -0.022727, 0.970576, 0.033647, 0.001870, 0.002077, 416
n_summary_pt: -0.1400, -0.0600, 0.1800, 0.224155, -0.018028, 0.950365, 0.042302, 0.001192, 0.002742, 1126
n_summary_pt: -0.1400, -0.0600, 0.2200, 0.259843, -0.002384, 0.933274, 0.055891, 0.000620, 0.004964, 481
n_summary_pt: -0.1400, -0.0600, 0.2600, 0.364164, 0.003810, 0.882350, 0.076876, 0.000527, 0.011425, 64
n_summary_pt: -0.1400, -0.0600, 0.3000, 0.541802, 0.014448, 0.787326, 0.073550, 0.001389, 0.011420, 5
n_summary_pt: -0.1400, -0.0200, 0.0200, 0.018994, -0.039545, 0.995164, 0.001413, 0.006216, 0.000095, 29
n_summary_pt: -0.1400, -0.0200, 0.0600, 0.043034, -0.039048, 0.991276, 0.007358, 0.006250, 0.000386, 256
n_summary_pt: -0.1400, -0.0200, 0.1000, 0.108367, -0.064797, 0.978532, 0.018123, 0.007405, 0.001005, 1292
n_summary_pt: -0.1400, -0.0200, 0.1400, 0.160085, -0.065068, 0.966201, 0.028446, 0.006162, 0.001987, 1074
n_summary_pt: -0.1400, -0.0200, 0.1800, 0.234580, -0.073912, 0.947034, 0.034110, 0.005654, 0.002871, 270
n_summary_pt: -0.1400, -0.0200, 0.2200, 0.336691, -0.059340, 0.928648, 0.019051, 0.000789, 0.000891, 7
n_summary_pt: -0.1400, 0.0200, -0.1800, -0.148585, -0.117390, 0.921067, 0.059827, 0.039214, 0.016737, 11
n_summary_pt: -0.1400, 0.0200, -0.1400, 0.000000, 0.000000, 1.000000, 0.000000, 0.000000, 0.000000, 3
n_summary_pt: -0.1400, 0.0200, -0.1000, -0.002084, -0.022922, 0.996476, 0.000052, 0.006305, 0.000149, 13
n_summary_pt: -0.1400, 0.0200, -0.0600, -0.018963, -0.109083, 0.980861, 0.001609, 0.023298, 0.000747, 50
n_summary_pt: -0.1400, 0.0200, -0.0200, 0.025965, -0.183166, 0.962485, 0.002467, 0.033476, 0.003455, 345
n_summary_pt: -0.1400, 0.0200, 0.0200, 0.057002, -0.172696, 0.957590, 0.005608, 0.038688, 0.005651, 1485
n_summary_pt: -0.1400, 0.0200, 0.0600, 0.076706, -0.132903, 0.961591, 0.011028, 0.034971, 0.005796, 1921
n_summary_pt: -0.1400, 0.0200, 0.1000, 0.092865, -0.111718, 0.966750, 0.014872, 0.025186, 0.004230, 831
n_summary_pt: -0.1400, 0.0200, 0.1400, 0.171029, -0.134909, 0.962351, 0.015178, 0.010245, 0.001008, 100
n_summary_pt: -0.1400, 0.0200, 0.1800, 0.316051, -0.225751, 0.921295, 0.000326, 0.000000, 0.000038, 2
n_summary_pt: -0.1400, 0.0600, -0.2200, -0.392806, -0.427681, 0.808848, 0.004668, 0.003269, 0.000620, 58
n_summary_pt: -0.1400, 0.0600, -0.1800, -0.377990, -0.434405, 0.801828, 0.011807, 0.009767, 0.003913, 675
n_summary_pt: -0.1400, 0.0600, -0.1400, -0.256567, -0.458374, 0.824712, 0.014051, 0.022914, 0.006951, 1042
n_summary_pt: -0.1400, 0.0600, -0.1000, -0.142109, -0.446330, 0.852412, 0.006127, 0.040080, 0.007782, 1306
n_summary_pt: -0.1400, 0.0600, -0.0600, -0.068268, -0.483333, 0.847448, 0.003427, 0.032172, 0.007961, 1714
n_summary_pt: -0.1400, 0.0600, -0.0200, -0.001935, -0.431355, 0.864214, 0.002753, 0.053553, 0.010757, 2021
n_summary_pt: -0.1400, 0.0600, 0.0200, 0.083401, -0.399036, 0.861880, 0.006862, 0.069822, 0.014294, 1280
n_summary_pt: -0.1400, 0.0600, 0.0600, 0.173255, -0.426657, 0.845985, 0.009506, 0.049749, 0.013002, 193
n_summary_pt: -0.1400, 0.0600, 0.1000, 0.259613, -0.540447, 0.792673, 0.001940, 0.006835, 0.003412, 20
n_summary_pt: -0.1400, 0.1000, -0.2200, -0.311536, -0.495523, 0.809048, 0.001672, 0.000998, 0.000175, 16
n_summary_pt: -0.1400, 0.1000, -0.1800, -0.307341, -0.458973, 0.828191, 0.003899, 0.004024, 0.001061, 226
n_summary_pt: -0.1400, 0.1000, -0.1400, -0.254809, -0.522780, 0.806269, 0.004685, 0.004639, 0.002379, 601
n_summary_pt: -0.1400, 0.1000, -0.1000, -0.175598, -0.527769, 0.806618, 0.006011, 0.028594, 0.005387, 592
n_summary_pt: -0.1400, 0.1000, -0.0600, -0.084890, -0.566552, 0.808514, 0.002688, 0.011872, 0.003557, 247
n_summary_pt: -0.1400, 0.1000, -0.0200, -0.047730, -0.552659, 0.824349, 0.003028, 0.006571, 0.003139, 84
n_summary_pt: -0.1400, 0.1000, 0.0200, 0.063210, -0.593519, 0.800116, 0.000430, 0.002003, 0.001121, 11
n_summary_pt: -0.1000, -0.1800, 0.2200, 0.401836, 0.180601, 0.897669, 0.000020, 0.000082, 0.000000, 2
n_summary_pt: -0.1000, -0.1800, 0.2600, 0.514176, 0.214655, 0.824630, 0.004585, 0.002117, 0.002830, 118
n_summary_pt: -0.1000, -0.1800, 0.3000, 0.571960, 0.243249, 0.780767, 0.001827, 0.001233, 0.001034, 209
n_summary_pt: -0.1000, -0.1800, 0.3400, 0.608775, 0.221988, 0.760214, 0.001066, 0.000591, 0.000533, 12
n_summary_pt: -0.1000, -0.1400, -0.1000, 0.000000, 0.000000, 1.000000, 0.000000, 0.000000, 0.000000, 1
n_summary_pt: -0.1000, -0.1400, 0.1800, 0.364211, 0.125668, 0.893490, 0.039539, 0.004491, 0.009203, 12
n_summary_pt: -0.1000, -0.1400, 0.2200, 0.437054, 0.131161, 0.856017, 0.043294, 0.005455, 0.010267, 120
n_summary_pt: -0.1000, -0.1400, 0.2600, 0.522024, 0.159778, 0.810341, 0.032238, 0.004758, 0.008314, 389
n_summary_pt: -0.1000, -0.1400, 0.3000, 0.577710, 0.190076, 0.786065, 0.007312, 0.002426, 0.002486, 426
n_summary_pt: -0.1000, -0.1400, 0.3400, 0.587280, 0.186183, 0.786230, 0.000904, 0.000867, 0.000508, 55
n_summary_pt: -0.1000, -0.1400, 0.3800, 0.614042, 0.189631, 0.766154, 0.000000, 0.000000, 0.000000, 1
n_summary_pt: -0.1000, -0.1000, -0.1400, 0.000000, 0.000000, 1.000000, 0.000000, 0.000000, 0.000000, 6
n_summary_pt: -0.1000, -0.1000, -0.1000, 0.000000, 0.000000, 1.000000, 0.000000, 0.000000, 0.000000, 9
n_summary_pt: -0.1000, -0.1000, -0.0600, 0.000000, 0.000000, 1.000000, 0.000000, 0.000000, 0.000000, 3
n_summary_pt: -0.1000, -0.1000, 0.1000, 0.207691, 0.054180, 0.976693, 0.000000, 0.000000, 0.000000, 1
n_summary_pt: -0.1000, -0.1000, 0.1400, 0.213248, 0.069462, 0.962094, 0.020982, 0.002376, 0.000718, 13
n_summary_pt: -0.1000, -0.1000, 0.1800, 0.249944, 0.051838, 0.941453, 0.042102, 0.002534, 0.003871, 374
n_summary_pt: -0.1000, -0.1000, 0.2200, 0.315829, 0.063448, 0.904136, 0.064694, 0.003881, 0.010189, 570
n_summary_pt: -0.1000, -0.1000, 0.2600, 0.448240, 0.106699, 0.849933, 0.051200, 0.004801, 0.009309, 299
n_summary_pt: -0.1000, -0.1000, 0.3000, 0.575742, 0.142924, 0.793234, 0.013571, 0.002674, 0.002629, 58
n_summary_pt: -0.1000, -0.0600, -0.1000, 0.000000, 0.000000, 1.000000, 0.000000, 0.000000, 0.000000, 2
n_summary_pt: -0.1000, -0.0600, -0.0600, 0.000000, 0.000000, 1.000000, 0.000000, 0.000000, 0.000000, 15
n_summary_pt: -0.1000, -0.0600, -0.0200, 0.000000, 0.000000, 1.000000, 0.000000, 0.000000, 0.000000, 3
n_summary_pt: -0.1000, -0.0600, 0.0200, 0.000000, 0.000000, 1.000000, 0.000000, 0.000000, 0.000000, 2
n_summary_pt: -0.1000, -0.0600, 0.0600, 0.162541, -0.051170, 0.976616, 0.015167, 0.001649, 0.000368, 3
n_summary_pt: -0.1000, -0.0600, 0.1000, 0.100390, -0.005448, 0.986388, 0.015868, 0.000744, 0.000320, 179
n_summary_pt: -0.1000, -0.0600, 0.1400, 0.109008, 0.000638, 0.981483, 0.023253, 0.000544, 0.001010, 976
n_summary_pt: -0.1000, -0.0600, 0.1800, 0.194506, 0.009084, 0.958061, 0.040594, 0.001105, 0.002505, 1178
n_summary_pt: -0.1000, -0.0600, 0.2200, 0.262334, 0.029968, 0.935643, 0.049565, 0.001216, 0.004074, 273
n_summary_pt: -0.1000, -0.0600, 0.2600, 0.264723, 0.034219, 0.924876, 0.065594, 0.001335, 0.006426, 19
n_summary_pt: -0.1000, -0.0200, -0.1800, 0.000000, 0.000000, 1.000000, 0.000000, 0.000000, 0.000000, 1
n_summary_pt: -0.1000, -0.0200, -0.1000, 0.000000, 0.000000, 1.000000, 0.000000, 0.000000, 0.000000, 3
n_summary_pt: -0.1000, -0.0200, -0.0600, 0.000000, 0.000000, 1.000000, 0.000000, 0.000000, 0.000000, 35
n_summary_pt: -0.1000, -0.0200, -0.0200, 0.000000, 0.000000, 1.000000, 0.000000, 0.000000, 0.000000, 43
n_summary_pt: -0.1000, -0.0200, 0.0200, 0.035020, -0.044508, 0.995348, 0.002451, 0.003577, 0.000047, 197
n_summary_pt: -0.1000, -0.0200, 0.0600, 0.031061, -0.018938, 0.996366, 0.004183, 0.001684, 0.000065, 1028
n_summary_pt: -0.1000, -0.0200, 0.1000, 0.074681, -0.025202, 0.990491, 0.010818, 0.001703, 0.000195, 1865
n_summary_pt: -0.1000, -0.0200, 0.1400, 0.097782, -0.022435, 0.984833, 0.017740, 0.001662, 0.000637, 869
n_summary_pt: -0.1000, -0.0200, 0.1800, 0.139882, -0.018729, 0.974846, 0.027230, 0.001315, 0.001214, 108
n_summary_pt: -0.1000, -0.0200, 0.2200, 0.000000, 0.000000, 1.000000, 0.000000, 0.000000, 0.000000, 1
n_summary_pt: -0.1000, 0.0200, -0.2200, -0.522613, -0.292347, 0.790810, 0.011547, 0.000386, 0.004095, 8
n_summary_pt: -0.1000, 0.0200, -0.1800, -0.312826, -0.213926, 0.855671, 0.073627, 0.032890, 0.017685, 42
n_summary_pt: -0.1000, 0.0200, -0.1400, -0.049469, -0.057812, 0.982859, 0.011530, 0.014490, 0.002180, 92
n_summary_pt: -0.1000, 0.0200, -0.1000, -0.039616, -0.122750, 0.971396, 0.005321, 0.030325, 0.004107, 155
n_summary_pt: -0.1000, 0.0200, -0.0600, -0.013600, -0.064331, 0.989015, 0.001158, 0.015131, 0.001237, 411
n_summary_pt: -0.1000, 0.0200, -0.0200, 0.000599, -0.070934, 0.990476, 0.000547, 0.012935, 0.000444, 1417
n_summary_pt: -0.1000, 0.0200, 0.0200, 0.020106, -0.060126, 0.992228, 0.001585, 0.009583, 0.000295, 2855
n_summary_pt: -0.1000, 0.0200, 0.0600, 0.025483, -0.035508, 0.994843, 0.002845, 0.005398, 0.000135, 1534
n_summary_pt: -0.1000, 0.0200, 0.1000, 0.061724, -0.057571, 0.989997, 0.006626, 0.005970, 0.000186, 237
n_summary_pt: -0.1000, 0.0200, 0.1400, 0.075250, -0.046153, 0.987864, 0.011325, 0.004701, 0.000305, 9
n_summary_pt: -0.1000, 0.0600, -0.2600, -0.465950, -0.363007, 0.801847, 0.006151, 0.001285, 0.000722, 10
n_summary_pt: -0.1000, 0.0600, -0.2200, -0.448287, -0.375391, 0.798358, 0.011685, 0.006321, 0.002740, 455
n_summary_pt: -0.1000, 0.0600, -0.1800, -0.365581, -0.398887, 0.817590, 0.017940, 0.014484, 0.006361, 1338
n_summary_pt: -0.1000, 0.0600, -0.1400, -0.225800, -0.354526, 0.866084, 0.021392, 0.041306, 0.010525, 1465
n_summary_pt: -0.1000, 0.0600, -0.1000, -0.140756, -0.343592, 0.894413, 0.008302, 0.044692, 0.009163, 1503
n_summary_pt: -0.1000, 0.0600, -0.0600, -0.065054, -0.299970, 0.910053, 0.004298, 0.062063, 0.011228, 1401
n_summary_pt: -0.1000, 0.0600, -0.0200, -0.013199, -0.185865, 0.948493, 0.001500, 0.056118, 0.008024, 1254
n_summary_pt: -0.1000, 0.0600, 0.0200, 0.003195, -0.122222, 0.978552, 0.001124, 0.024782, 0.001581, 342
n_summary_pt: -0.1000, 0.0600, 0.0600, 0.051170, -0.150501, 0.980736, 0.001377, 0.011325, 0.000186, 6
n_summary_pt: -0.1000, 0.1000, -0.3000, -0.460532, -0.424412, 0.779606, 0.000000, 0.000000, 0.000000, 1
n_summary_pt: -0.1000, 0.1000, -0.2600, -0.388856, -0.458839, 0.795975, 0.002074, 0.001602, 0.001007, 16
n_summary_pt: -0.1000, 0.1000, -0.2200, -0.351971, -0.494177, 0.786456, 0.004513, 0.006654, 0.002227, 135
n_summary_pt: -0.1000, 0.1000, -0.1800, -0.312801, -0.456075, 0.821248, 0.005565, 0.010804, 0.003333, 539
n_summary_pt: -0.1000, 0.1000, -0.1400, -0.236385, -0.479844, 0.820885, 0.009025, 0.024303, 0.006691, 411
n_summary_pt: -0.1000, 0.1000, -0.1000, -0.161432, -0.513867, 0.818025, 0.004314, 0.029384, 0.007019, 171
n_summary_pt: -0.1000, 0.1000, -0.0600, -0.115420, -0.464308, 0.828242, 0.006365, 0.066706, 0.012040, 55
n_summary_pt: -0.1000, 0.1000, -0.0200, -0.081270, -0.511100, 0.845472, 0.002218, 0.010408, 0.004723, 10
n_summary_pt: -0.1000, 0.1000, 0.0200, 0.036120, -0.541802, 0.839730, 0.000000, 0.000000, 0.000000, 1
n_summary_pt: -0.0600, -0.1800, 0.2200, 0.428661, 0.251247, 0.864313, 0.003579, 0.000990, 0.001518, 17
n_summary_pt: -0.0600, -0.1800, 0.2600, 0.527788, 0.284915, 0.793911, 0.005131, 0.001753, 0.003085, 154
n_summary_pt: -0.0600, -0.1800, 0.3000, 0.557225, 0.281943, 0.777533, 0.002761, 0.001088, 0.001602, 202
n_summary_pt: -0.0600, -0.1800, 0.3400, 0.600844, 0.239643, 0.762001, 0.000328, 0.000428, 0.000155, 26
n_summary_pt: -0.0600, -0.1400, 0.1400, 0.000000, 0.000000, 1.000000, 0.000000, 0.000000, 0.000000, 1
n_summary_pt: -0.0600, -0.1400, 0.1800, 0.253225, 0.140830, 0.903763, 0.063182, 0.020957, 0.015118, 47
n_summary_pt: -0.0600, -0.1400, 0.2200, 0.425315, 0.196373, 0.841786, 0.047715, 0.012978, 0.011248, 300
n_summary_pt: -0.0600, -0.1400, 0.2600, 0.486251, 0.215485, 0.820784, 0.028998, 0.007631, 0.006810, 731
n_summary_pt: -0.0600, -0.1400, 0.3000, 0.561224, 0.253071, 0.781273, 0.005356, 0.002722, 0.002518, 431
n_summary_pt: -0.0600, -0.1400, 0.3400, 0.584695, 0.222992, 0.777645, 0.001479, 0.001018, 0.001178, 36
n_summary_pt: -0.0600, -0.1000, -0.1400, 0.000000, 0.000000, 1.000000, 0.000000, 0.000000, 0.000000, 2
n_summary_pt: -0.0600, -0.1000, -0.1000, 0.000000, 0.000000, 1.000000, 0.000000, 0.000000, 0.000000, 13
n_summary_pt: -0.0600, -0.1000, -0.0600, 0.000000, 0.000000, 1.000000, 0.000000, 0.000000, 0.000000, 7
n_summary_pt: -0.0600, -0.1000, 0.1000, 0.204304, 0.084657, 0.974732, 0.000549, 0.000386, 0.000055, 8
n_summary_pt: -0.0600, -0.1000, 0.1400, 0.220709, 0.092859, 0.955589, 0.023331, 0.004791, 0.001392, 120
n_summary_pt: -0.0600, -0.1000, 0.1800, 0.213146, 0.076877, 0.947759, 0.040282, 0.006224, 0.003906, 927
n_summary_pt: -0.0600, -0.1000, 0.2200, 0.307978, 0.112438, 0.907386, 0.052902, 0.008847, 0.007407, 651
n_summary_pt: -0.0600, -0.1000, 0.2600, 0.413356, 0.159024, 0.856988, 0.050845, 0.008932, 0.009644, 321
n_summary_pt: -0.0600, -0.1000, 0.3000, 0.595161, 0.218363, 0.767482, 0.002794, 0.003066, 0.003212, 11
n_summary_pt: -0.0600, -0.0600, -0.1000, 0.000000, 0.000000, 1.000000, 0.000000, 0.000000, 0.000000, 24
n_summary_pt: -0.0600, -0.0600, -0.0600, 0.000000, 0.000000, 1.000000, 0.000000, 0.000000, 0.000000, 98
n_summary_pt: -0.0600, -0.0600, -0.0200, 0.000000, 0.000000, 1.000000, 0.000000, 0.000000, 0.000000, 57
n_summary_pt: -0.0600, -0.0600, 0.0200, 0.000000, 0.000000, 1.000000, 0.000000, 0.000000, 0.000000, 8
n_summary_pt: -0.0600, -0.0600, 0.0600, 0.053496, 0.007115, 0.995590, 0.005323, 0.000520, 0.000044, 66
n_summary_pt: -0.0600, -0.0600, 0.1000, 0.066319, 0.012886, 0.991672, 0.010690, 0.001135, 0.000199, 761
n_summary_pt: -0.0600, -0.0600, 0.1400, 0.088353, 0.018367, 0.985564, 0.018733, 0.001214, 0.000573, 1294
n_summary_pt: -0.0600, -0.0600, 0.1800, 0.136852, 0.033690, 0.970765, 0.033243, 0.002604, 0.001904, 825
n_summary_pt: -0.0600, -0.0600, 0.2200, 0.182078, 0.051717, 0.952950, 0.048310, 0.004164, 0.003584, 55
n_summary_pt: -0.0600, -0.0200, -0.1800, 0.000000, 0.000000, 1.000000, 0.000000, 0.000000, 0.000000, 3
n_summary_pt: -0.0600, -0.0200, -0.1400, 0.000000, 0.000000, 1.000000, 0.000000, 0.000000, 0.000000, 6
n_summary_pt: -0.0600, -0.0200, -0.1000, 0.000000, 0.000000, 1.000000, 0.000000, 0.000000, 0.000000, 29
n_summary_pt: -0.0600, -0.0200, -0.0600, 0.000543, -0.000891, 0.999960, 0.000021, 0.000058, 0.000000, 233
n_summary_pt: -0.0600, -0.0200, -0.0200, 0.001201, -0.002089, 0.999857, 0.000110, 0.000168, 0.000001, 1271
n_summary_pt: -0.0600, -0.0200, 0.0200, 0.004970, -0.002954, 0.999616, 0.000466, 0.000265, 0.000003, 3078
n_summary_pt: -0.0600, -0.0200, 0.0600, 0.014778, -0.006491, 0.998596, 0.001940, 0.000585, 0.000020, 3087
n_summary_pt: -0.0600, -0.0200, 0.1000, 0.029871, -0.007593, 0.996897, 0.004453, 0.000738, 0.000055, 2614
n_summary_pt: -0.0600, -0.0200, 0.1400, 0.068363, -0.006777, 0.991805, 0.010799, 0.000631, 0.000172, 517
n_summary_pt: -0.0600, -0.0200, 0.1800, 0.114501, 0.000722, 0.983831, 0.018397, 0.000182, 0.000385, 50
n_summary_pt: -0.0600, -0.0200, 0.2200, 0.000000, 0.000000, 1.000000, 0.000000, 0.000000, 0.000000, 1
n_summary_pt: -0.0600, 0.0200, -0.2600, -0.610250, -0.193243, 0.766132, 0.001223, 0.001389, 0.000681, 50
n_summary_pt: -0.0600, 0.0200, -0.2200, -0.430051, -0.170466, 0.819740, 0.082734, 0.015314, 0.015976, 237
n_summary_pt: -0.0600, 0.0200, -0.1800, -0.159515, -0.093005, 0.928305, 0.066506, 0.023150, 0.014497, 394
n_summary_pt: -0.0600, 0.0200, -0.1400, -0.043945, -0.047727, 0.986775, 0.009093, 0.010909, 0.002066, 382
n_summary_pt: -0.0600, 0.0200, -0.1000, -0.033691, -0.046057, 0.990231, 0.005715, 0.009271, 0.001199, 777
n_summary_pt: -0.0600, 0.0200, -0.0600, -0.010053, -0.025133, 0.997098, 0.001112, 0.003890, 0.000060, 1933
n_summary_pt: -0.0600, 0.0200, -0.0200, -0.000198, -0.012114, 0.998918, 0.000235, 0.001766, 0.000016, 5101
n_summary_pt: -0.0600, 0.0200, 0.0200, 0.003634, -0.009268, 0.999146, 0.000314, 0.001281, 0.000013, 7301
n_summary_pt: -0.0600, 0.0200, 0.0600, 0.010341, -0.011802, 0.998583, 0.001092, 0.001469, 0.000024, 1632
n_summary_pt: -0.0600, 0.0200, 0.1000, 0.060328, -0.056742, 0.992294, 0.004201, 0.004209, 0.000084, 141
n_summary_pt: -0.0600, 0.0200, 0.1400, 0.198661, -0.045150, 0.978999, 0.000054, 0.000000, 0.000002, 3
n_summary_pt: -0.0600, 0.0600, -0.3000, -0.437455, -0.339128, 0.826049, 0.006090, 0.001615, 0.003564, 9
n_summary_pt: -0.0600, 0.0600, -0.2600, -0.447356, -0.297026, 0.821450, 0.021794, 0.010553, 0.004522, 159
n_summary_pt: -0.0600, 0.0600, -0.2200, -0.417005, -0.314245, 0.836546, 0.016062, 0.006799, 0.004688, 1185
n_summary_pt: -0.0600, 0.0600, -0.1800, -0.336927, -0.323155, 0.859671, 0.019989, 0.015933, 0.007095, 1392
n_summary_pt: -0.0600, 0.0600, -0.1400, -0.190425, -0.246741, 0.907964, 0.025720, 0.041630, 0.011108, 1239
n_summary_pt: -0.0600, 0.0600, -0.1000, -0.110149, -0.201068, 0.938583, 0.013930, 0.043489, 0.009082, 1313
n_summary_pt: -0.0600, 0.0600, -0.0600, -0.048477, -0.115031, 0.975937, 0.004410, 0.024600, 0.002954, 1110
n_summary_pt: -0.0600, 0.0600, -0.0200, -0.017302, -0.053464, 0.993147, 0.001284, 0.009039, 0.000178, 441
n_summary_pt: -0.0600, 0.0600, 0.0200, -0.005458, -0.046043, 0.995175, 0.000545, 0.006848, 0.000084, 91
n_summary_pt: -0.0600, 0.0600, 0.0600, 0.000000, 0.000000, 1.000000, 0.000000, 0.000000, 0.000000, 4
n_summary_pt: -0.0600, 0.1000, -0.3000, -0.487622, -0.383985, 0.780311, 0.001952, 0.001970, 0.001974, 65
n_summary_pt: -0.0600, 0.1000, -0.2600, -0.435300, -0.408894, 0.792478, 0.005731, 0.006958, 0.002610, 277
n_summary_pt: -0.0600, 0.1000, -0.2200, -0.385241, -0.432481, 0.793717, 0.013061, 0.015951, 0.005551, 376
n_summary_pt: -0.0600, 0.1000, -0.1800, -0.299941, -0.392941, 0.848894, 0.010438, 0.019387, 0.005187, 301
n_summary_pt: -0.0600, 0.1000, -0.1400, -0.252622, -0.426960, 0.826870, 0.014174, 0.043623, 0.012376, 124
n_summary_pt: -0.0600, 0.1000, -0.1000, -0.098728, -0.305817, 0.880957, 0.010160, 0.092162, 0.018321, 15
n_summary_pt: -0.0600, 0.1000, -0.0600, -0.027090, -0.097073, 0.978786, 0.002202, 0.028269, 0.001350, 4
n_summary_pt: -0.0200, -0.1800, 0.2200, 0.464712, 0.326586, 0.819678, 0.003068, 0.000926, 0.001519, 54
n_summary_pt: -0.0200, -0.1800, 0.2600, 0.511690, 0.348509, 0.781700, 0.002395, 0.001637, 0.001627, 254
n_summary_pt: -0.0200, -0.1800, 0.3000, 0.554991, 0.343022, 0.755784, 0.001329, 0.000819, 0.000964, 76
n_summary_pt: -0.0200, -0.1400, 0.1400, 0.437957, 0.307021, 0.810183, 0.014861, 0.026419, 0.016254, 2
n_summary_pt: -0.0200, -0.1400, 0.1800, 0.329774, 0.242444, 0.873096, 0.036036, 0.022838, 0.011298, 152
n_summary_pt: -0.0200, -0.1400, 0.2200, 0.429308, 0.283165, 0.828762, 0.026698, 0.013896, 0.008072, 592
n_summary_pt: -0.0200, -0.1400, 0.2600, 0.506204, 0.319359, 0.786944, 0.011093, 0.006810, 0.004583, 778
n_summary_pt: -0.0200, -0.1400, 0.3000, 0.542149, 0.318482, 0.770282, 0.005575, 0.002977, 0.002756, 130
n_summary_pt: -0.0200, -0.1000, -0.1000, 0.000000, 0.000000, 1.000000, 0.000000, 0.000000, 0.000000, 1
n_summary_pt: -0.0200, -0.1000, -0.0600, 0.000000, 0.000000, 1.000000, 0.000000, 0.000000, 0.000000, 3
n_summary_pt: -0.0200, -0.1000, -0.0200, 0.000000, 0.000000, 1.000000, 0.000000, 0.000000, 0.000000, 1
n_summary_pt: -0.0200, -0.1000, 0.0600, 0.000000, 0.000000, 1.000000, 0.000000, 0.000000, 0.000000, 1
n_summary_pt: -0.0200, -0.1000, 0.1000, 0.123892, 0.091745, 0.976975, 0.013187, 0.007943, 0.000623, 25
n_summary_pt: -0.0200, -0.1000, 0.1400, 0.174567, 0.106852, 0.954905, 0.030446, 0.012499, 0.003320, 443
n_summary_pt: -0.0200, -0.1000, 0.1800, 0.222062, 0.124908, 0.938147, 0.037154, 0.013344, 0.004469, 1033
n_summary_pt: -0.0200, -0.1000, 0.2200, 0.268962, 0.143006, 0.912651, 0.050564, 0.015936, 0.007777, 447
n_summary_pt: -0.0200, -0.1000, 0.2600, 0.396739, 0.205870, 0.862240, 0.036993, 0.012012, 0.007754, 124
n_summary_pt: -0.0200, -0.1000, 0.3000, 0.437957, 0.234781, 0.867782, 0.000020, 0.000000, 0.000005, 2
n_summary_pt: -0.0200, -0.0600, -0.1400, 0.000000, 0.000000, 1.000000, 0.000000, 0.000000, 0.000000, 3
n_summary_pt: -0.0200, -0.0600, -0.1000, 0.000000, 0.000000, 1.000000, 0.000000, 0.000000, 0.000000, 49
n_summary_pt: -0.0200, -0.0600, -0.0600, 0.000000, 0.000000, 1.000000, 0.000000, 0.000000, 0.000000, 202
n_summary_pt: -0.0200, -0.0600, -0.0200, 0.000000, 0.000000, 1.000000, 0.000000, 0.000000, 0.000000, 150
n_summary_pt: -0.0200, -0.0600, 0.0200, 0.050633, 0.027574, 0.995908, 0.003401, 0.001417, 0.000027, 56
n_summary_pt: -0.0200, -0.0600, 0.0600, 0.049985, 0.028820, 0.995071, 0.004307, 0.002150, 0.000048, 381
n_summary_pt: -0.0200, -0.0600, 0.1000, 0.078555, 0.037865, 0.988830, 0.011202, 0.003149, 0.000259, 1573
n_summary_pt: -0.0200, -0.0600, 0.1400, 0.092522, 0.040702, 0.982918, 0.018451, 0.004289, 0.000917, 1699
n_summary_pt: -0.0200, -0.0600, 0.1800, 0.124995, 0.043137, 0.970143, 0.034209, 0.004640, 0.002489, 323
n_summary_pt: -0.0200, -0.0600, 0.2200, 0.269095, 0.089397, 0.928453, 0.048563, 0.005471, 0.003538, 10
n_summary_pt: -0.0200, -0.0200, -0.3000, -0.537287, -0.036120, 0.842609, 0.000020, 0.000000, 0.000008, 2
n_summary_pt: -0.0200, -0.0200, -0.2200, -0.178343, -0.022575, 0.923736, 0.095419, 0.001529, 0.017449, 4
n_summary_pt: -0.0200, -0.0200, -0.1800, 0.000000, 0.000000, 1.000000, 0.000000, 0.000000, 0.000000, 27
n_summary_pt: -0.0200, -0.0200, -0.1400, 0.000000, 0.000000, 1.000000, 0.000000, 0.000000, 0.000000, 56
n_summary_pt: -0.0200, -0.0200, -0.1000, -0.001530, 0.000588, 0.999872, 0.000213, 0.000039, 0.000002, 307
n_summary_pt: -0.0200, -0.0200, -0.0600, -0.000187, -0.000224, 0.999977, 0.000025, 0.000020, 0.000000, 2417
n_summary_pt: -0.0200, -0.0200, -0.0200, 0.000042, -0.000137, 0.999985, 0.000015, 0.000015, 0.000000, 25609
n_summary_pt: -0.0200, -0.0200, 0.0200, 0.000911, 0.000197, 0.999943, 0.000077, 0.000035, 0.000000, 31330
n_summary_pt: -0.0200, -0.0200, 0.0600, 0.007584, 0.001316, 0.999440, 0.000897, 0.000158, 0.000006, 7120
n_summary_pt: -0.0200, -0.0200, 0.1000, 0.023296, 0.004408, 0.997875, 0.003265, 0.000386, 0.000033, 2018
n_summary_pt: -0.0200, -0.0200, 0.1400, 0.063395, 0.015756, 0.992155, 0.010144, 0.001046, 0.000173, 196
n_summary_pt: -0.0200, -0.0200, 0.1800, 0.076254, 0.016053, 0.990664, 0.011672, 0.000666, 0.000175, 9
n_summary_pt: -0.0200, 0.0200, -0.3000, -0.458616, -0.117938, 0.874148, 0.008034, 0.000697, 0.002896, 33
n_summary_pt: -0.0200, 0.0200, -0.2600, -0.566701, -0.147170, 0.802091, 0.007294, 0.003254, 0.003293, 272
n_summary_pt: -0.0200, 0.0200, -0.2200, -0.401607, -0.115288, 0.846047, 0.084730, 0.010014, 0.014880, 670
n_summary_pt: -0.0200, 0.0200, -0.1800, -0.111900, -0.048064, 0.960037, 0.045894, 0.009197, 0.008407, 967
n_summary_pt: -0.0200, 0.0200, -0.1400, -0.043505, -0.029140, 0.992696, 0.007700, 0.003576, 0.000536, 1427
n_summary_pt: -0.0200, 0.0200, -0.1000, -0.022367, -0.020921, 0.996765, 0.002755, 0.002701, 0.000066, 2361
n_summary_pt: -0.0200, 0.0200, -0.0600, -0.006483, -0.006486, 0.999278, 0.000658, 0.000693, 0.000008, 6964
n_summary_pt: -0.0200, 0.0200, -0.0200, -0.000344, -0.001021, 0.999931, 0.000031, 0.000106, 0.000001, 45838
n_summary_pt: -0.0200, 0.0200, 0.0200, 0.000052, -0.000391, 0.999977, 0.000006, 0.000039, 0.000000, 48626
n_summary_pt: -0.0200, 0.0200, 0.0600, 0.000160, -0.000074, 0.999993, 0.000010, 0.000004, 0.000000, 4896
n_summary_pt: -0.0200, 0.0200, 0.1000, 0.023396, -0.009030, 0.998233, 0.002496, 0.000393, 0.000014, 44
n_summary_pt: -0.0200, 0.0600, -0.3400, -0.607475, -0.330828, 0.720032, 0.000372, 0.002154, 0.000555, 11
n_summary_pt: -0.0200, 0.0600, -0.3000, -0.472550, -0.271565, 0.822267, 0.015919, 0.006050, 0.004857, 136
n_summary_pt: -0.0200, 0.0600, -0.2600, -0.439092, -0.223439, 0.853082, 0.018147, 0.007354, 0.004024, 660
n_summary_pt: -0.0200, 0.0600, -0.2200, -0.416239, -0.233234, 0.856527, 0.023985, 0.008869, 0.005855, 1769
n_summary_pt: -0.0200, 0.0600, -0.1800, -0.296651, -0.212090, 0.895141, 0.037328, 0.019290, 0.009121, 1287
n_summary_pt: -0.0200, 0.0600, -0.1400, -0.154859, -0.138559, 0.951441, 0.024666, 0.020686, 0.006229, 857
n_summary_pt: -0.0200, 0.0600, -0.1000, -0.064466, -0.065761, 0.985205, 0.009268, 0.010334, 0.001289, 669
n_summary_pt: -0.0200, 0.0600, -0.0600, -0.022980, -0.025903, 0.995707, 0.002903, 0.004286, 0.000179, 312
n_summary_pt: -0.0200, 0.0600, -0.0200, -0.007509, -0.015779, 0.998296, 0.000613, 0.002456, 0.000031, 190
n_summary_pt: -0.0200, 0.0600, 0.0200, 0.000000, 0.000000, 1.000000, 0.000000, 0.000000, 0.000000, 151
n_summary_pt: -0.0200, 0.0600, 0.0600, 0.000000, 0.000000, 1.000000, 0.000000, 0.000000, 0.000000, 27
n_summary_pt: -0.0200, 0.1000, -0.3400, -0.636617, -0.338626, 0.692812, 0.000020, 0.000020, 0.000022, 4
n_summary_pt: -0.0200, 0.1000, -0.3000, -0.531184, -0.340146, 0.764802, 0.009043, 0.005251, 0.002928, 199
n_summary_pt: -0.0200, 0.1000, -0.2600, -0.458958, -0.327126, 0.814816, 0.008172, 0.006948, 0.003300, 287
n_summary_pt: -0.0200, 0.1000, -0.2200, -0.380863, -0.358221, 0.825914, 0.018734, 0.019296, 0.006457, 203
n_summary_pt: -0.0200, 0.1000, -0.1800, -0.306756, -0.314723, 0.885669, 0.006823, 0.011392, 0.004225, 34
n_summary_pt: -0.0200, 0.1000, -0.1400, -0.125517, -0.120099, 0.968600, 0.015957, 0.014646, 0.001033, 10
n_summary_pt: 0.0200, -0.1800, 0.1800, 0.373241, 0.388291, 0.839457, 0.002383, 0.001305, 0.001545, 6
n_summary_pt: 0.0200, -0.1800, 0.2200, 0.465233, 0.382246, 0.794638, 0.002569, 0.001788, 0.001639, 121
n_summary_pt: 0.0200, -0.1800, 0.2600, 0.478000, 0.384369, 0.786272, 0.001891, 0.002131, 0.001532, 122
n_summary_pt: 0.0200, -0.1800, 0.3000, 0.523742, 0.365716, 0.768010, 0.001158, 0.000347, 0.000602, 10
n_summary_pt: 0.0200, -0.1400, 0.1000, 0.162541, 0.239296, 0.941677, 0.009296, 0.019101, 0.001167, 4
n_summary_pt: 0.0200, -0.1400, 0.1400, 0.301685, 0.311536, 0.882046, 0.013330, 0.015354, 0.005242, 44
n_summary_pt: 0.0200, -0.1400, 0.1800, 0.313098, 0.292727, 0.867518, 0.028482, 0.026388, 0.008822, 422
n_summary_pt: 0.0200, -0.1400, 0.2200, 0.427161, 0.346672, 0.817612, 0.013439, 0.010189, 0.005235, 670
n_summary_pt: 0.0200, -0.1400, 0.2600, 0.478639, 0.371599, 0.789981, 0.003510, 0.002953, 0.002286, 383
n_summary_pt: 0.0200, -0.1400, 0.3000, 0.499797, 0.359375, 0.786501, 0.001166, 0.000687, 0.000616, 89
n_summary_pt: 0.0200, -0.1000, 0.0200, 0.045150, 0.270901, 0.961548, 0.000000, 0.000000, 0.000000, 1
n_summary_pt: 0.0200, -0.1000, 0.0600, 0.085284, 0.182607, 0.973062, 0.002521, 0.009763, 0.000247, 9
n_summary_pt: 0.0200, -0.1000, 0.1000, 0.165074, 0.167398, 0.959110, 0.012271, 0.011723, 0.000841, 303
n_summary_pt: 0.0200, -0.1000, 0.1400, 0.177040, 0.163629, 0.947413, 0.021496, 0.019243, 0.003552, 913
n_summary_pt: 0.0200, -0.1000, 0.1800, 0.224121, 0.177159, 0.927672, 0.031767, 0.021167, 0.004876, 892
n_summary_pt: 0.0200, -0.1000, 0.2200, 0.322323, 0.250498, 0.863496, 0.044035, 0.031233, 0.012464, 239
n_summary_pt: 0.0200, -0.1000, 0.2600, 0.399579, 0.346689, 0.802594, 0.036074, 0.029468, 0.010445, 28
n_summary_pt: 0.0200, -0.0600, -0.1000, 0.000000, 0.000000, 1.000000, 0.000000, 0.000000, 0.000000, 21
n_summary_pt: 0.0200, -0.0600, -0.0600, 0.000000, 0.000000, 1.000000, 0.000000, 0.000000, 0.000000, 206
n_summary_pt: 0.0200, -0.0600, -0.0200, 0.000424, 0.007521, 0.999382, 0.000069, 0.001103, 0.000008, 341
n_summary_pt: 0.0200, -0.0600, 0.0200, 0.038192, 0.060054, 0.993369, 0.002607, 0.005469, 0.000078, 475
n_summary_pt: 0.0200, -0.0600, 0.0600, 0.036784, 0.043537, 0.993877, 0.003712, 0.005134, 0.000115, 1170
n_summary_pt: 0.0200, -0.0600, 0.1000, 0.064567, 0.055731, 0.988021, 0.009163, 0.006992, 0.000384, 1724
n_summary_pt: 0.0200, -0.0600, 0.1400, 0.096195, 0.070043, 0.980458, 0.015349, 0.008368, 0.000825, 674
n_summary_pt: 0.0200, -0.0600, 0.1800, 0.145955, 0.095092, 0.962937, 0.028664, 0.011463, 0.002280, 49
n_summary_pt: 0.0200, -0.0200, -0.3000, -0.541802, -0.027090, 0.840070, 0.000000, 0.000000, 0.000000, 1
n_summary_pt: 0.0200, -0.0200, -0.2600, -0.276921, 0.001720, 0.897833, 0.102846, 0.000106, 0.014256, 21
n_summary_pt: 0.0200, -0.0200, -0.2200, -0.311837, 0.002167, 0.875290, 0.117397, 0.000343, 0.018881, 75
n_summary_pt: 0.0200, -0.0200, -0.1800, -0.103960, 0.005144, 0.956104, 0.063452, 0.000253, 0.011326, 158
n_summary_pt: 0.0200, -0.0200, -0.1400, -0.010396, 0.002778, 0.999131, 0.001467, 0.000143, 0.000012, 390
n_summary_pt: 0.0200, -0.0200, -0.1000, -0.006677, 0.002705, 0.999568, 0.000585, 0.000225, 0.000003, 1232
n_summary_pt: 0.0200, -0.0200, -0.0600, -0.001453, 0.000672, 0.999891, 0.000124, 0.000091, 0.000001, 6706
n_summary_pt: 0.0200, -0.0200, -0.0200, -0.000089, 0.000283, 0.999978, 0.000012, 0.000031, 0.000000, 71857
n_summary_pt: 0.0200, -0.0200, 0.0200, 0.000318, 0.000539, 0.999960, 0.000027, 0.000052, 0.000000, 64014
n_summary_pt: 0.0200, -0.0200, 0.0600, 0.004144, 0.003479, 0.999593, 0.000480, 0.000300, 0.000005, 4602
n_summary_pt: 0.0200, -0.0200, 0.1000, 0.020438, 0.012008, 0.997860, 0.002578, 0.001100, 0.000035, 467
n_summary_pt: 0.0200, -0.0200, 0.1400, 0.038700, 0.029240, 0.996128, 0.003271, 0.002057, 0.000049, 21
n_summary_pt: 0.0200, 0.0200, -0.3400, -0.541802, -0.090300, 0.835641, 0.000000, 0.000000, 0.000000, 1
n_summary_pt: 0.0200, 0.0200, -0.3000, -0.515719, -0.083397, 0.845428, 0.007760, 0.002606, 0.001964, 242
n_summary_pt: 0.0200, 0.0200, -0.2600, -0.519289, -0.081597, 0.832846, 0.021640, 0.003013, 0.005395, 939
n_summary_pt: 0.0200, 0.0200, -0.2200, -0.313465, -0.061673, 0.891067, 0.084575, 0.005207, 0.014154, 1292
n_summary_pt: 0.0200, 0.0200, -0.1800, -0.115448, -0.025932, 0.968434, 0.039221, 0.003007, 0.005907, 1497
n_summary_pt: 0.0200, 0.0200, -0.1400, -0.043047, -0.010719, 0.994907, 0.007104, 0.000962, 0.000126, 2138
n_summary_pt: 0.0200, 0.0200, -0.1000, -0.023629, -0.004149, 0.997789, 0.003203, 0.000604, 0.000035, 3332
n_summary_pt: 0.0200, 0.0200, -0.0600, -0.001894, -0.000367, 0.999870, 0.000198, 0.000057, 0.000001, 20770
n_summary_pt: 0.0200, 0.0200, -0.0200, -0.000114, -0.000028, 0.999993, 0.000009, 0.000006, 0.000000, 120019
n_summary_pt: 0.0200, 0.0200, 0.0200, -0.000014, -0.000023, 0.999998, 0.000001, 0.000002, 0.000000, 64227
n_summary_pt: 0.0200, 0.0200, 0.0600, 0.000006, 0.000003, 1.000000, 0.000000, 0.000000, 0.000000, 3044
n_summary_pt: 0.0200, 0.0200, 0.1000, 0.000000, 0.000000, 1.000000, 0.000000, 0.000000, 0.000000, 17
n_summary_pt: 0.0200, 0.0600, -0.3400, -0.452154, -0.187020, 0.824635, 0.057454, 0.012022, 0.011081, 83
n_summary_pt: 0.0200, 0.0600, -0.3000, -0.401320, -0.166878, 0.870150, 0.039632, 0.008007, 0.006295, 533
n_summary_pt: 0.0200, 0.0600, -0.2600, -0.434501, -0.161025, 0.862794, 0.028654, 0.006565, 0.005648, 989
n_summary_pt: 0.0200, 0.0600, -0.2200, -0.356376, -0.154703, 0.894608, 0.033671, 0.008549, 0.006520, 1265
n_summary_pt: 0.0200, 0.0600, -0.1800, -0.258358, -0.125807, 0.935710, 0.029681, 0.007693, 0.004495, 545
n_summary_pt: 0.0200, 0.0600, -0.1400, -0.141227, -0.076042, 0.975588, 0.016525, 0.005419, 0.000557, 247
n_summary_pt: 0.0200, 0.0600, -0.1000, -0.066470, -0.042051, 0.989262, 0.010547, 0.004334, 0.000294, 169
n_summary_pt: 0.0200, 0.0600, -0.0600, -0.017471, -0.012760, 0.998037, 0.002246, 0.001179, 0.000029, 46
n_summary_pt: 0.0200, 0.0600, -0.0200, -0.009030, -0.006345, 0.999244, 0.000926, 0.000458, 0.000007, 37
n_summary_pt: 0.0200, 0.0600, 0.0200, 0.000000, 0.000000, 1.000000, 0.000000, 0.000000, 0.000000, 146
n_summary_pt: 0.0200, 0.0600, 0.0600, 0.000000, 0.000000, 1.000000, 0.000000, 0.000000, 0.000000, 75
n_summary_pt: 0.0200, 0.0600, 0.1000, 0.000000, 0.000000, 1.000000, 0.000000, 0.000000, 0.000000, 6
n_summary_pt: 0.0200, 0.1000, -0.3400, -0.514712, -0.247423, 0.759588, 0.066277, 0.016100, 0.014503, 5
n_summary_pt: 0.0200, 0.1000, -0.3000, -0.498482, -0.253817, 0.803499, 0.025681, 0.010026, 0.005775, 74
n_summary_pt: 0.0200, 0.1000, -0.2600, -0.516555, -0.266847, 0.806922, 0.005543, 0.001959, 0.003339, 98
n_summary_pt: 0.0200, 0.1000, -0.2200, -0.474177, -0.309228, 0.806132, 0.015640, 0.006256, 0.007789, 45
n_summary_pt: 0.0600, -0.1800, 0.1800, 0.355973, 0.443422, 0.820123, 0.001651, 0.001484, 0.000924, 19
n_summary_pt: 0.0600, -0.1800, 0.2200, 0.412064, 0.440997, 0.793607, 0.001433, 0.002823, 0.001655, 49
n_summary_pt: 0.0600, -0.1800, 0.2600, 0.467991, 0.446790, 0.758952, 0.001813, 0.001821, 0.001720, 23
n_summary_pt: 0.0600, -0.1400, 0.0200, 0.207691, 0.325081, 0.922598, 0.000000, 0.000000, 0.000000, 1
n_summary_pt: 0.0600, -0.1400, 0.0600, 0.121404, 0.222741, 0.949236, 0.008192, 0.025097, 0.001309, 9
n_summary_pt: 0.0600, -0.1400, 0.1000, 0.282709, 0.423717, 0.814872, 0.020256, 0.042654, 0.013613, 39
n_summary_pt: 0.0600, -0.1400, 0.1400, 0.325050, 0.401151, 0.830944, 0.014963, 0.019610, 0.008379, 290
n_summary_pt: 0.0600, -0.1400, 0.1800, 0.352064, 0.401858, 0.826710, 0.011810, 0.014434, 0.004869, 842
n_summary_pt: 0.0600, -0.1400, 0.2200, 0.417156, 0.421145, 0.792593, 0.008587, 0.008090, 0.003737, 575
n_summary_pt: 0.0600, -0.1400, 0.2600, 0.440999, 0.409983, 0.786570, 0.008481, 0.007199, 0.003062, 92
n_summary_pt: 0.0600, -0.1000, 0.0200, 0.048894, 0.211435, 0.967685, 0.004300, 0.011734, 0.000456, 41
n_summary_pt: 0.0600, -0.1000, 0.0600, 0.081170, 0.177039, 0.968201, 0.005933, 0.018031, 0.000691, 180
n_summary_pt: 0.0600, -0.1000, 0.1000, 0.155103, 0.219521, 0.936562, 0.015452, 0.029454, 0.005699, 516
n_summary_pt: 0.0600, -0.1000, 0.1400, 0.182550, 0.208357, 0.926678, 0.025207, 0.032558, 0.006765, 922
n_summary_pt: 0.0600, -0.1000, 0.1800, 0.273665, 0.288081, 0.885913, 0.022631, 0.027696, 0.006948, 513
n_summary_pt: 0.0600, -0.1000, 0.2200, 0.389892, 0.393435, 0.817056, 0.009427, 0.012167, 0.004020, 79
n_summary_pt: 0.0600, -0.1000, 0.2600, 0.453759, 0.467304, 0.756105, 0.000178, 0.002584, 0.001272, 4
n_summary_pt: 0.0600, -0.0600, -0.1000, -0.003612, 0.013545, 0.997995, 0.000248, 0.003486, 0.000076, 20
n_summary_pt: 0.0600, -0.0600, -0.0600, -0.002759, 0.013921, 0.998536, 0.000212, 0.002485, 0.000028, 144
n_summary_pt: 0.0600, -0.0600, -0.0200, 0.005972, 0.045562, 0.995003, 0.000572, 0.007185, 0.000101, 570
n_summary_pt: 0.0600, -0.0600, 0.0200, 0.030224, 0.065041, 0.991849, 0.002373, 0.008565, 0.000154, 1164
n_summary_pt: 0.0600, -0.0600, 0.0600, 0.033697, 0.055587, 0.991391, 0.003612, 0.009075, 0.000231, 1502
n_summary_pt: 0.0600, -0.0600, 0.1000, 0.041526, 0.046431, 0.990685, 0.006234, 0.008021, 0.000408, 1079
n_summary_pt: 0.0600, -0.0600, 0.1400, 0.058313, 0.064199, 0.982343, 0.011309, 0.014570, 0.001601, 201
n_summary_pt: 0.0600, -0.0600, 0.1800, 0.065468, 0.060953, 0.983438, 0.012858, 0.011166, 0.000824, 8
n_summary_pt: 0.0600, -0.0200, -0.3400, -0.440666, 0.097524, 0.891997, 0.000437, 0.000078, 0.000129, 5
n_summary_pt: 0.0600, -0.0200, -0.3000, -0.579100, 0.072633, 0.807028, 0.003859, 0.001691, 0.002523, 23
n_summary_pt: 0.0600, -0.0200, -0.2600, -0.399579, 0.059179, 0.849404, 0.096798, 0.003499, 0.015051, 112
n_summary_pt: 0.0600, -0.0200, -0.2200, -0.283944, 0.042441, 0.885897, 0.110559, 0.003505, 0.018696, 270
n_summary_pt: 0.0600, -0.0200, -0.1800, -0.076191, 0.016975, 0.973534, 0.038096, 0.001703, 0.006339, 416
n_summary_pt: 0.0600, -0.0200, -0.1400, -0.017137, 0.009207, 0.998212, 0.002336, 0.000828, 0.000029, 665
n_summary_pt: 0.0600, -0.0200, -0.1000, -0.013433, 0.019280, 0.998042, 0.001228, 0.002108, 0.000024, 1614
n_summary_pt: 0.0600, -0.0200, -0.0600, -0.002117, 0.004867, 0.999596, 0.000227, 0.000549, 0.000005, 6377
n_summary_pt: 0.0600, -0.0200, -0.0200, -0.000149, 0.002496, 0.999809, 0.000047, 0.000327, 0.000002, 16872
n_summary_pt: 0.0600, -0.0200, 0.0200, 0.000825, 0.003108, 0.999740, 0.000083, 0.000423, 0.000003, 8367
n_summary_pt: 0.0600, -0.0200, 0.0600, 0.003116, 0.006190, 0.999346, 0.000257, 0.000990, 0.000012, 852
n_summary_pt: 0.0600, -0.0200, 0.1000, 0.010923, 0.011360, 0.998306, 0.001368, 0.001725, 0.000044, 62
n_summary_pt: 0.0600, -0.0200, 0.1400, 0.000000, 0.000000, 1.000000, 0.000000, 0.000000, 0.000000, 1
n_summary_pt: 0.0600, 0.0200, -0.3400, -0.345321, -0.016815, 0.914511, 0.038829, 0.002731, 0.002580, 29
n_summary_pt: 0.0600, 0.0200, -0.3000, -0.469095, -0.023356, 0.866085, 0.023274, 0.002027, 0.004001, 445
n_summary_pt: 0.0600, 0.0200, -0.2600, -0.421662, -0.022031, 0.870634, 0.051815, 0.002761, 0.009136, 1087
n_summary_pt: 0.0600, 0.0200, -0.2200, -0.248677, -0.018115, 0.929309, 0.062781, 0.001996, 0.009439, 1323
n_summary_pt: 0.0600, 0.0200, -0.1800, -0.097655, -0.003768, 0.982155, 0.022310, 0.001354, 0.002157, 1450
n_summary_pt: 0.0600, 0.0200, -0.1400, -0.037354, 0.006325, 0.996074, 0.005516, 0.000814, 0.000072, 1529
n_summary_pt: 0.0600, 0.0200, -0.1000, -0.008001, 0.002350, 0.999296, 0.001121, 0.000207, 0.000010, 2571
n_summary_pt: 0.0600, 0.0200, -0.0600, -0.000679, 0.000508, 0.999937, 0.000079, 0.000045, 0.000001, 14218
n_summary_pt: 0.0600, 0.0200, -0.0200, -0.000024, 0.000031, 0.999997, 0.000002, 0.000004, 0.000000, 20660
n_summary_pt: 0.0600, 0.0200, 0.0200, 0.000009, 0.000015, 0.999999, 0.000000, 0.000001, 0.000000, 4964
n_summary_pt: 0.0600, 0.0200, 0.0600, 0.000000, 0.000000, 1.000000, 0.000000, 0.000000, 0.000000, 371
n_summary_pt: 0.0600, 0.0200, 0.1000, 0.000000, 0.000000, 1.000000, 0.000000, 0.000000, 0.000000, 8
n_summary_pt: 0.0600, 0.0200, 0.1400, 0.000000, 0.000000, 1.000000, 0.000000, 0.000000, 0.000000, 1
n_summary_pt: 0.0600, 0.0600, -0.3800, -0.416134, -0.128678, 0.837878, 0.086712, 0.008292, 0.013231, 12
n_summary_pt: 0.0600, 0.0600, -0.3400, -0.519318, -0.148832, 0.800140, 0.051363, 0.006679, 0.009892, 249
n_summary_pt: 0.0600, 0.0600, -0.3000, -0.442862, -0.106993, 0.854140, 0.048406, 0.004930, 0.009535, 416
n_summary_pt: 0.0600, 0.0600, -0.2600, -0.364898, -0.084542, 0.907299, 0.028974, 0.003601, 0.003935, 403
n_summary_pt: 0.0600, 0.0600, -0.2200, -0.300480, -0.089439, 0.929345, 0.029738, 0.004335, 0.003958, 283
n_summary_pt: 0.0600, 0.0600, -0.1800, -0.230519, -0.052658, 0.950979, 0.032780, 0.002967, 0.003980, 89
n_summary_pt: 0.0600, 0.0600, -0.1400, -0.253372, -0.055243, 0.960866, 0.007228, 0.001908, 0.000351, 17
n_summary_pt: 0.0600, 0.0600, -0.1000, 0.000000, 0.000000, 1.000000, 0.000000, 0.000000, 0.000000, 6
n_summary_pt: 0.0600, 0.0600, -0.0600, 0.000000, 0.000000, 1.000000, 0.000000, 0.000000, 0.000000, 5
n_summary_pt: 0.0600, 0.0600, -0.0200, 0.000000, 0.000000, 1.000000, 0.000000, 0.000000, 0.000000, 11
n_summary_pt: 0.0600, 0.0600, 0.0200, 0.000000, 0.000000, 1.000000, 0.000000, 0.000000, 0.000000, 94
n_summary_pt: 0.0600, 0.0600, 0.0600, 0.000000, 0.000000, 1.000000, 0.000000, 0.000000, 0.000000, 123
n_summary_pt: 0.0600, 0.0600, 0.1000, 0.000000, 0.000000, 1.000000, 0.000000, 0.000000, 0.000000, 28
n_summary_pt: 0.0600, 0.0600, 0.1400, 0.000000, 0.000000, 1.000000, 0.000000, 0.000000, 0.000000, 2
n_summary_pt: 0.0600, 0.1000, -0.3400, -0.535235, -0.132167, 0.810319, 0.031373, 0.003028, 0.005038, 11
n_summary_pt: 0.0600, 0.1000, -0.3000, -0.593462, -0.177451, 0.783024, 0.001678, 0.000561, 0.000950, 43
n_summary_pt: 0.0600, 0.1000, -0.2600, -0.573407, -0.261871, 0.773757, 0.001651, 0.000734, 0.001543, 2
n_summary_pt: 0.0600, 0.1000, 0.0600, 0.000000, 0.000000, 1.000000, 0.000000, 0.000000, 0.000000, 8
n_summary_pt: 0.0600, 0.1000, 0.1000, 0.000000, 0.000000, 1.000000, 0.000000, 0.000000, 0.000000, 5
n_summary_pt: 0.0600, 0.1400, 0.1000, 0.000000, 0.000000, 1.000000, 0.000000, 0.000000, 0.000000, 1
n_summary_pt: 0.1000, -0.1800, 0.1800, 0.326371, 0.412801, 0.850030, 0.000359, 0.000133, 0.000032, 7
n_summary_pt: 0.1000, -0.1800, 0.2200, 0.358944, 0.395064, 0.844301, 0.001932, 0.000056, 0.000253, 4
n_summary_pt: 0.1000, -0.1400, 0.0600, 0.228877, 0.438304, 0.859126, 0.004246, 0.008639, 0.004524, 26
n_summary_pt: 0.1000, -0.1400, 0.1000, 0.252557, 0.440297, 0.845486, 0.007289, 0.015019, 0.005200, 191
n_summary_pt: 0.1000, -0.1400, 0.1400, 0.303123, 0.451175, 0.819791, 0.010372, 0.016961, 0.005167, 498
n_summary_pt: 0.1000, -0.1400, 0.1800, 0.339712, 0.461790, 0.804333, 0.007689, 0.012894, 0.003810, 495
n_summary_pt: 0.1000, -0.1400, 0.2200, 0.390933, 0.466060, 0.774474, 0.010926, 0.013721, 0.005503, 147
n_summary_pt: 0.1000, -0.1400, 0.2600, 0.474980, 0.458726, 0.746241, 0.003183, 0.001024, 0.002882, 5
n_summary_pt: 0.1000, -0.1000, -0.0600, 0.027090, 0.334111, 0.942144, 0.000000, 0.000000, 0.000000, 1
n_summary_pt: 0.1000, -0.1000, -0.0200, 0.029869, 0.287224, 0.949715, 0.002777, 0.011472, 0.000402, 26
n_summary_pt: 0.1000, -0.1000, 0.0200, 0.057118, 0.211879, 0.954722, 0.004009, 0.033608, 0.002733, 166
n_summary_pt: 0.1000, -0.1000, 0.0600, 0.106606, 0.235389, 0.932767, 0.011346, 0.044530, 0.007297, 772
n_summary_pt: 0.1000, -0.1000, 0.1000, 0.178006, 0.308932, 0.889133, 0.018727, 0.052564, 0.011027, 1399
n_summary_pt: 0.1000, -0.1000, 0.1400, 0.243592, 0.343722, 0.863628, 0.023195, 0.043508, 0.009961, 824
n_summary_pt: 0.1000, -0.1000, 0.1800, 0.281505, 0.351014, 0.849996, 0.026146, 0.040388, 0.008517, 195
n_summary_pt: 0.1000, -0.1000, 0.2200, 0.351696, 0.379737, 0.832826, 0.015978, 0.018166, 0.004367, 19
n_summary_pt: 0.1000, -0.0600, -0.4200, -0.523742, 0.189631, 0.830457, 0.000054, 0.000000, 0.000022, 3
n_summary_pt: 0.1000, -0.0600, -0.3400, -0.559862, 0.171571, 0.810628, 0.000000, 0.000000, 0.000000, 1
n_summary_pt: 0.1000, -0.0600, -0.2600, -0.638875, 0.209948, 0.739725, 0.000260, 0.000056, 0.000252, 4
n_summary_pt: 0.1000, -0.0600, -0.2200, -0.647152, 0.228761, 0.726580, 0.000018, 0.000779, 0.000147, 3
n_summary_pt: 0.1000, -0.0600, -0.1800, -0.110166, 0.142675, 0.972271, 0.008102, 0.013582, 0.000513, 5
n_summary_pt: 0.1000, -0.0600, -0.1400, -0.099581, 0.220232, 0.964703, 0.002589, 0.008124, 0.000217, 36
n_summary_pt: 0.1000, -0.0600, -0.1000, -0.057135, 0.177153, 0.974364, 0.002971, 0.012686, 0.000309, 55
n_summary_pt: 0.1000, -0.0600, -0.0600, -0.014047, 0.104998, 0.985118, 0.001016, 0.016912, 0.000393, 333
n_summary_pt: 0.1000, -0.0600, -0.0200, 0.011253, 0.113404, 0.985091, 0.000869, 0.015425, 0.000314, 906
n_summary_pt: 0.1000, -0.0600, 0.0200, 0.014692, 0.061883, 0.991094, 0.001128, 0.012279, 0.000280, 1402
n_summary_pt: 0.1000, -0.0600, 0.0600, 0.028352, 0.058524, 0.989644, 0.003145, 0.012764, 0.000467, 973
n_summary_pt: 0.1000, -0.0600, 0.1000, 0.030116, 0.045732, 0.989949, 0.004894, 0.011435, 0.000673, 388
n_summary_pt: 0.1000, -0.0600, 0.1400, 0.072015, 0.116713, 0.962262, 0.013705, 0.036336, 0.005202, 40
n_summary_pt: 0.1000, -0.0200, -0.4200, -0.532772, 0.183987, 0.825795, 0.000245, 0.000019, 0.000101, 8
n_summary_pt: 0.1000, -0.0200, -0.3800, -0.424089, 0.138514, 0.892400, 0.003244, 0.000376, 0.000964, 56
n_summary_pt: 0.1000, -0.0200, -0.3400, -0.469230, 0.123190, 0.870189, 0.004936, 0.001096, 0.001387, 109
n_summary_pt: 0.1000, -0.0200, -0.3000, -0.565800, 0.119942, 0.810367, 0.005540, 0.001730, 0.001520, 184
n_summary_pt: 0.1000, -0.0200, -0.2600, -0.428742, 0.090251, 0.836909, 0.086500, 0.006499, 0.014620, 367
n_summary_pt: 0.1000, -0.0200, -0.2200, -0.321153, 0.095317, 0.873805, 0.096211, 0.009482, 0.018547, 423
n_summary_pt: 0.1000, -0.0200, -0.1800, -0.121854, 0.056023, 0.964511, 0.039183, 0.006024, 0.006526, 696
n_summary_pt: 0.1000, -0.0200, -0.1400, -0.039273, 0.039858, 0.993263, 0.005030, 0.005074, 0.000193, 1203
n_summary_pt: 0.1000, -0.0200, -0.1000, -0.017286, 0.028266, 0.996422, 0.001880, 0.004093, 0.000073, 1774
n_summary_pt: 0.1000, -0.0200, -0.0600, -0.006964, 0.022804, 0.997493, 0.000603, 0.003785, 0.000051, 3059
n_summary_pt: 0.1000, -0.0200, -0.0200, -0.001727, 0.014509, 0.998555, 0.000184, 0.002462, 0.000029, 3341
n_summary_pt: 0.1000, -0.0200, 0.0200, 0.000855, 0.008591, 0.999057, 0.000134, 0.001653, 0.000023, 1194
n_summary_pt: 0.1000, -0.0200, 0.0600, 0.010978, 0.021601, 0.997417, 0.000922, 0.003594, 0.000056, 51
n_summary_pt: 0.1000, -0.0200, 0.1000, 0.000000, 0.000000, 1.000000, 0.000000, 0.000000, 0.000000, 1
n_summary_pt: 0.1000, 0.0200, -0.4200, -0.573407, -0.065468, 0.813074, 0.001570, 0.003440, 0.000820, 4
n_summary_pt: 0.1000, 0.0200, -0.3800, -0.492242, 0.011970, 0.846390, 0.030479, 0.005180, 0.005520, 43
n_summary_pt: 0.1000, 0.0200, -0.3400, -0.442575, 0.032663, 0.869632, 0.037188, 0.003720, 0.005893, 175
n_summary_pt: 0.1000, 0.0200, -0.3000, -0.421283, 0.025266, 0.877848, 0.042293, 0.002404, 0.006569, 1094
n_summary_pt: 0.1000, 0.0200, -0.2600, -0.373779, 0.028471, 0.893511, 0.050579, 0.002535, 0.008004, 1125
n_summary_pt: 0.1000, 0.0200, -0.2200, -0.250500, 0.029589, 0.932212, 0.055788, 0.002608, 0.008959, 1142
n_summary_pt: 0.1000, 0.0200, -0.1800, -0.090060, 0.025564, 0.979840, 0.025382, 0.002228, 0.003538, 1089
n_summary_pt: 0.1000, 0.0200, -0.1400, -0.023316, 0.010064, 0.997232, 0.003763, 0.001062, 0.000059, 847
n_summary_pt: 0.1000, 0.0200, -0.1000, -0.002585, 0.001678, 0.999690, 0.000426, 0.000179, 0.000006, 1055
n_summary_pt: 0.1000, 0.0200, -0.0600, -0.000232, 0.000329, 0.999970, 0.000021, 0.000039, 0.000000, 3156
n_summary_pt: 0.1000, 0.0200, -0.0200, 0.000000, 0.000000, 1.000000, 0.000000, 0.000000, 0.000000, 1256
n_summary_pt: 0.1000, 0.0200, 0.0200, 0.000000, 0.000000, 1.000000, 0.000000, 0.000000, 0.000000, 241
n_summary_pt: 0.1000, 0.0200, 0.0600, 0.000000, 0.000000, 1.000000, 0.000000, 0.000000, 0.000000, 21
n_summary_pt: 0.1000, 0.0200, 0.1000, 0.000000, 0.000000, 1.000000, 0.000000, 0.000000, 0.000000, 1
n_summary_pt: 0.1000, 0.0600, -0.4200, -0.595982, -0.099330, 0.796511, 0.000326, 0.000000, 0.000183, 2
n_summary_pt: 0.1000, 0.0600, -0.3800, -0.531993, -0.086875, 0.815060, 0.035348, 0.004389, 0.005376, 58
n_summary_pt: 0.1000, 0.0600, -0.3400, -0.508419, -0.066822, 0.834228, 0.031286, 0.003790, 0.006032, 320
n_summary_pt: 0.1000, 0.0600, -0.3000, -0.503950, -0.056981, 0.837413, 0.029695, 0.002978, 0.008854, 245
n_summary_pt: 0.1000, 0.0600, -0.2600, -0.343743, -0.041882, 0.918270, 0.029862, 0.002423, 0.004582, 105
n_summary_pt: 0.1000, 0.0600, -0.2200, -0.193823, -0.005160, 0.964888, 0.029294, 0.001033, 0.001071, 28
n_summary_pt: 0.1000, 0.0600, -0.1800, -0.308150, -0.015803, 0.943744, 0.013606, 0.000076, 0.000458, 8
n_summary_pt: 0.1000, 0.0600, -0.1400, -0.162541, -0.018060, 0.972498, 0.026419, 0.000326, 0.000756, 2
n_summary_pt: 0.1000, 0.0600, -0.1000, 0.000000, 0.000000, 1.000000, 0.000000, 0.000000, 0.000000, 1
n_summary_pt: 0.1000, 0.0600, -0.0200, 0.000000, 0.000000, 1.000000, 0.000000, 0.000000, 0.000000, 2
n_summary_pt: 0.1000, 0.0600, 0.0200, 0.000000, 0.000000, 1.000000, 0.000000, 0.000000, 0.000000, 28
n_summary_pt: 0.1000, 0.0600, 0.0600, 0.000000, 0.000000, 1.000000, 0.000000, 0.000000, 0.000000, 35
n_summary_pt: 0.1000, 0.0600, 0.1000, 0.000000, 0.000000, 1.000000, 0.000000, 0.000000, 0.000000, 11
n_summary_pt: 0.1000, 0.0600, 0.1400, 0.000000, 0.000000, 1.000000, 0.000000, 0.000000, 0.000000, 1
n_summary_pt: 0.1000, 0.1000, -0.3400, -0.532772, -0.090300, 0.841427, 0.000000, 0.000000, 0.000000, 1
n_summary_pt: 0.1000, 0.1000, 0.0200, 0.000000, 0.000000, 1.000000, 0.000000, 0.000000, 0.000000, 1
n_summary_pt: 0.1000, 0.1000, 0.0600, 0.000000, 0.000000, 1.000000, 0.000000, 0.000000, 0.000000, 9
n_summary_pt: 0.1000, 0.1000, 0.1000, 0.000000, 0.000000, 1.000000, 0.000000, 0.000000, 0.000000, 11
n_summary_pt: 0.1000, 0.1000, 0.1400, 0.000000, 0.000000, 1.000000, 0.000000, 0.000000, 0.000000, 2
n_summary_pt: 0.1000, 0.1400, 0.1000, 0.000000, 0.000000, 1.000000, 0.000000, 0.000000, 0.000000, 1
n_summary_pt: 0.1000, 0.1400, 0.1400, 0.000000, 0.000000, 1.000000, 0.000000, 0.000000, 0.000000, 1
n_summary_pt: 0.1400, -0.1400, 0.0200, 0.138460, 0.469562, 0.871268, 0.000942, 0.000217, 0.000073, 3
n_summary_pt: 0.1400, -0.1400, 0.0600, 0.205350, 0.449272, 0.863783, 0.001427, 0.006659, 0.001778, 81
n_summary_pt: 0.1400, -0.1400, 0.1000, 0.217740, 0.480582, 0.836080, 0.004654, 0.014428, 0.003517, 186
n_summary_pt: 0.1400, -0.1400, 0.1400, 0.300571, 0.517666, 0.789090, 0.006048, 0.009553, 0.003414, 217
n_summary_pt: 0.1400, -0.1400, 0.1800, 0.311536, 0.509294, 0.777652, 0.009833, 0.023240, 0.005749, 70
n_summary_pt: 0.1400, -0.1400, 0.2200, 0.297991, 0.415381, 0.859453, 0.000000, 0.000000, 0.000000, 1
n_summary_pt: 0.1400, -0.1000, -0.1000, -0.038378, 0.381519, 0.923127, 0.000790, 0.000015, 0.000001, 4
n_summary_pt: 0.1400, -0.1000, -0.0600, 0.019350, 0.371337, 0.907724, 0.002796, 0.029736, 0.005239, 49
n_summary_pt: 0.1400, -0.1000, -0.0200, 0.055567, 0.411594, 0.881278, 0.006134, 0.036515, 0.008203, 267
n_summary_pt: 0.1400, -0.1000, 0.0200, 0.084711, 0.342188, 0.901767, 0.005689, 0.049239, 0.007620, 824
n_summary_pt: 0.1400, -0.1000, 0.0600, 0.143675, 0.364750, 0.874686, 0.011274, 0.059132, 0.010833, 1379
n_summary_pt: 0.1400, -0.1000, 0.1000, 0.225871, 0.449492, 0.836364, 0.009291, 0.031315, 0.006829, 1276
n_summary_pt: 0.1400, -0.1000, 0.1400, 0.302822, 0.490049, 0.796523, 0.009144, 0.018764, 0.005794, 372
n_summary_pt: 0.1400, -0.1000, 0.1800, 0.287497, 0.387559, 0.843981, 0.017483, 0.031362, 0.005994, 37
n_summary_pt: 0.1400, -0.0600, -0.4200, -0.523742, 0.203176, 0.827234, 0.000054, 0.000020, 0.000023, 6
n_summary_pt: 0.1400, -0.0600, -0.3800, -0.513070, 0.208512, 0.831946, 0.000724, 0.000214, 0.000210, 11
n_summary_pt: 0.1400, -0.0600, -0.3400, -0.550832, 0.171571, 0.816791, 0.000000, 0.000000, 0.000000, 1
n_summary_pt: 0.1400, -0.0600, -0.3000, -0.085785, 0.288961, 0.898927, 0.007359, 0.083498, 0.010216, 2
n_summary_pt: 0.1400, -0.0600, -0.2600, -0.166945, 0.165624, 0.924469, 0.045330, 0.035781, 0.008944, 41
n_summary_pt: 0.1400, -0.0600, -0.2200, -0.383583, 0.263415, 0.819660, 0.071955, 0.024774, 0.014905, 117
n_summary_pt: 0.1400, -0.0600, -0.1800, -0.133300, 0.224547, 0.913034, 0.037437, 0.048327, 0.012415, 105
n_summary_pt: 0.1400, -0.0600, -0.1400, -0.063349, 0.225843, 0.943717, 0.004447, 0.043700, 0.006233, 195
n_summary_pt: 0.1400, -0.0600, -0.1000, -0.028336, 0.222931, 0.947471, 0.002740, 0.044101, 0.004955, 442
n_summary_pt: 0.1400, -0.0600, -0.0600, -0.006246, 0.132106, 0.971888, 0.001309, 0.034059, 0.002575, 999
n_summary_pt: 0.1400, -0.0600, -0.0200, 0.021694, 0.133972, 0.961923, 0.002973, 0.046601, 0.006710, 1240
n_summary_pt: 0.1400, -0.0600, 0.0200, 0.025122, 0.116160, 0.971066, 0.003023, 0.035730, 0.004154, 1101
n_summary_pt: 0.1400, -0.0600, 0.0600, 0.040445, 0.098837, 0.971632, 0.006022, 0.033892, 0.004612, 403
n_summary_pt: 0.1400, -0.0600, 0.1000, 0.040114, 0.077624, 0.972683, 0.008168, 0.032737, 0.005348, 52
n_summary_pt: 0.1400, -0.0600, 0.1400, 0.000000, 0.000000, 1.000000, 0.000000, 0.000000, 0.000000, 1
n_summary_pt: 0.1400, -0.0200, -0.3800, -0.444225, 0.187527, 0.873090, 0.003376, 0.000903, 0.000934, 103
n_summary_pt: 0.1400, -0.0200, -0.3400, -0.469185, 0.172410, 0.858434, 0.008689, 0.001594, 0.002948, 312
n_summary_pt: 0.1400, -0.0200, -0.3000, -0.475355, 0.189208, 0.841674, 0.018124, 0.006675, 0.005023, 491
n_summary_pt: 0.1400, -0.0200, -0.2600, -0.367226, 0.198444, 0.866095, 0.048814, 0.016304, 0.010526, 667
n_summary_pt: 0.1400, -0.0200, -0.2200, -0.224317, 0.171499, 0.905829, 0.056029, 0.031193, 0.012522, 756
n_summary_pt: 0.1400, -0.0200, -0.1800, -0.086541, 0.078836, 0.970239, 0.023974, 0.016116, 0.004841, 1057
n_summary_pt: 0.1400, -0.0200, -0.1400, -0.032231, 0.053863, 0.990203, 0.003952, 0.011002, 0.000604, 1507
n_summary_pt: 0.1400, -0.0200, -0.1000, -0.018620, 0.048601, 0.992415, 0.001739, 0.010207, 0.000457, 1371
n_summary_pt: 0.1400, -0.0200, -0.0600, -0.007281, 0.024426, 0.996540, 0.000706, 0.005392, 0.000161, 1244
n_summary_pt: 0.1400, -0.0200, -0.0200, -0.002970, 0.017530, 0.997911, 0.000310, 0.003492, 0.000054, 681
n_summary_pt: 0.1400, -0.0200, 0.0200, 0.000522, 0.007015, 0.998976, 0.000019, 0.001936, 0.000041, 121
n_summary_pt: 0.1400, -0.0200, 0.0600, 0.000000, 0.000000, 1.000000, 0.000000, 0.000000, 0.000000, 4
n_summary_pt: 0.1400, 0.0200, -0.4200, -0.517910, 0.016367, 0.850459, 0.003073, 0.003845, 0.001303, 48
n_summary_pt: 0.1400, 0.0200, -0.3800, -0.495191, 0.082067, 0.847953, 0.019983, 0.003995, 0.005049, 204
n_summary_pt: 0.1400, 0.0200, -0.3400, -0.387269, 0.080213, 0.886224, 0.046307, 0.004658, 0.007231, 521
n_summary_pt: 0.1400, 0.0200, -0.3000, -0.372544, 0.076628, 0.899799, 0.036886, 0.004251, 0.004565, 1027
n_summary_pt: 0.1400, 0.0200, -0.2600, -0.344843, 0.092296, 0.905304, 0.041088, 0.005346, 0.006557, 828
n_summary_pt: 0.1400, 0.0200, -0.2200, -0.200835, 0.066840, 0.948162, 0.044144, 0.005886, 0.006157, 515
n_summary_pt: 0.1400, 0.0200, -0.1800, -0.096073, 0.044350, 0.981209, 0.019608, 0.004502, 0.001922, 316
n_summary_pt: 0.1400, 0.0200, -0.1400, -0.023345, 0.017894, 0.996275, 0.004089, 0.002377, 0.000105, 217
n_summary_pt: 0.1400, 0.0200, -0.1000, 0.000000, 0.000000, 1.000000, 0.000000, 0.000000, 0.000000, 157
n_summary_pt: 0.1400, 0.0200, -0.0600, 0.000000, 0.000000, 1.000000, 0.000000, 0.000000, 0.000000, 106
n_summary_pt: 0.1400, 0.0200, -0.0200, 0.000000, 0.000000, 1.000000, 0.000000, 0.000000, 0.000000, 41
n_summary_pt: 0.1400, 0.0200, 0.0200, 0.000000, 0.000000, 1.000000, 0.000000, 0.000000, 0.000000, 4
n_summary_pt: 0.1400, 0.0200, 0.0600, 0.000000, 0.000000, 1.000000, 0.000000, 0.000000, 0.000000, 1
n_summary_pt: 0.1400, 0.0600, -0.4200, -0.594089, -0.053598, 0.800106, 0.001163, 0.002212, 0.000642, 62
n_summary_pt: 0.1400, 0.0600, -0.3800, -0.611389, -0.025182, 0.783915, 0.003022, 0.006198, 0.001826, 194
n_summary_pt: 0.1400, 0.0600, -0.3400, -0.586404, -0.040002, 0.794098, 0.011795, 0.006209, 0.005935, 214
n_summary_pt: 0.1400, 0.0600, -0.3000, -0.376863, -0.011993, 0.899011, 0.039459, 0.003425, 0.006726, 64
n_summary_pt: 0.1400, 0.0600, -0.2600, -0.376251, -0.008528, 0.920969, 0.007746, 0.000484, 0.001947, 18
n_summary_pt: 0.1400, 0.0600, 0.0600, 0.000000, 0.000000, 1.000000, 0.000000, 0.000000, 0.000000, 4
n_summary_pt: 0.1400, 0.1000, 0.0600, 0.000000, 0.000000, 1.000000, 0.000000, 0.000000, 0.000000, 2
n_summary_pt: 0.1400, 0.1000, 0.1000, 0.000000, 0.000000, 1.000000, 0.000000, 0.000000, 0.000000, 5
n_summary_pt: 0.1400, 0.1000, 0.1400, 0.000000, 0.000000, 1.000000, 0.000000, 0.000000, 0.000000, 1
n_summary_pt: 0.1400, 0.1400, 0.1000, 0.000000, 0.000000, 1.000000, 0.000000, 0.000000, 0.000000, 1
n_summary_pt: 0.1400, 0.1400, 0.1400, 0.000000, 0.000000, 1.000000, 0.000000, 0.000000, 0.000000, 1
n_summary_pt: 0.1800, -0.1400, -0.0200, 0.022575, 0.523742, 0.851566, 0.000020, 0.000000, 0.000000, 2
n_summary_pt: 0.1800, -0.1400, 0.0200, 0.122658, 0.568140, 0.809333, 0.000849, 0.003947, 0.002357, 12
n_summary_pt: 0.1800, -0.1400, 0.0600, 0.181366, 0.558791, 0.793785, 0.003594, 0.016361, 0.004810, 59
n_summary_pt: 0.1800, -0.1400, 0.1000, 0.193665, 0.572158, 0.792650, 0.001127, 0.003367, 0.002340, 47
n_summary_pt: 0.1800, -0.1400, 0.1400, 0.236071, 0.553412, 0.797945, 0.000220, 0.000599, 0.000471, 7
n_summary_pt: 0.1800, -0.1000, -0.3800, -0.537287, 0.379261, 0.753295, 0.000020, 0.000000, 0.000010, 2
n_summary_pt: 0.1800, -0.1000, -0.3000, -0.496652, 0.442472, 0.746697, 0.000000, 0.000000, 0.000000, 1
n_summary_pt: 0.1800, -0.1000, -0.2200, -0.496652, 0.523742, 0.692121, 0.000000, 0.000000, 0.000000, 1
n_summary_pt: 0.1800, -0.1000, -0.1800, -0.109364, 0.538792, 0.826990, 0.000987, 0.008372, 0.004472, 9
n_summary_pt: 0.1800, -0.1000, -0.1400, -0.068246, 0.456538, 0.855802, 0.002203, 0.045285, 0.007032, 52
n_summary_pt: 0.1800, -0.1000, -0.1000, -0.012129, 0.546397, 0.823101, 0.002082, 0.016780, 0.004946, 169
n_summary_pt: 0.1800, -0.1000, -0.0600, 0.016598, 0.471784, 0.848521, 0.003102, 0.045470, 0.008584, 451
n_summary_pt: 0.1800, -0.1000, -0.0200, 0.059694, 0.457611, 0.858510, 0.003362, 0.039660, 0.006968, 909
n_summary_pt: 0.1800, -0.1000, 0.0200, 0.102843, 0.456374, 0.854816, 0.004178, 0.039523, 0.006733, 1149
n_summary_pt: 0.1800, -0.1000, 0.0600, 0.174956, 0.514350, 0.817703, 0.004314, 0.025611, 0.006271, 923
n_summary_pt: 0.1800, -0.1000, 0.1000, 0.214053, 0.502403, 0.817608, 0.005932, 0.022593, 0.004765, 325
n_summary_pt: 0.1800, -0.1000, 0.1400, 0.257594, 0.548218, 0.790783, 0.001128, 0.004115, 0.002521, 38
n_summary_pt: 0.1800, -0.0600, -0.4200, -0.460532, 0.428927, 0.770810, 0.000734, 0.007441, 0.001610, 4
n_summary_pt: 0.1800, -0.0600, -0.3800, -0.423650, 0.424303, 0.776830, 0.013454, 0.019561, 0.004008, 83
n_summary_pt: 0.1800, -0.0600, -0.3400, -0.385281, 0.378509, 0.804484, 0.029918, 0.025474, 0.005702, 96
n_summary_pt: 0.1800, -0.0600, -0.3000, -0.332078, 0.427539, 0.807173, 0.025254, 0.024646, 0.005506, 231
n_summary_pt: 0.1800, -0.0600, -0.2600, -0.257572, 0.416709, 0.836486, 0.022526, 0.030993, 0.006783, 313
n_summary_pt: 0.1800, -0.0600, -0.2200, -0.211372, 0.416123, 0.830608, 0.032090, 0.049591, 0.010575, 731
n_summary_pt: 0.1800, -0.0600, -0.1800, -0.110975, 0.394835, 0.864174, 0.009471, 0.063764, 0.011758, 1057
n_summary_pt: 0.1800, -0.0600, -0.1400, -0.065564, 0.368717, 0.887468, 0.003660, 0.058456, 0.010034, 990
n_summary_pt: 0.1800, -0.0600, -0.1000, -0.019541, 0.338993, 0.901377, 0.002415, 0.060923, 0.008883, 1402
n_summary_pt: 0.1800, -0.0600, -0.0600, 0.013104, 0.272944, 0.918092, 0.002328, 0.070339, 0.009769, 1618
n_summary_pt: 0.1800, -0.0600, -0.0200, 0.050731, 0.295041, 0.906441, 0.003808, 0.073991, 0.010943, 1246
n_summary_pt: 0.1800, -0.0600, 0.0200, 0.078341, 0.321033, 0.896815, 0.005961, 0.070792, 0.009771, 484
n_summary_pt: 0.1800, -0.0600, 0.0600, 0.134560, 0.386129, 0.870441, 0.007417, 0.059251, 0.008463, 71
n_summary_pt: 0.1800, -0.0600, 0.1000, 0.195377, 0.444113, 0.836560, 0.009137, 0.047573, 0.008048, 11
n_summary_pt: 0.1800, -0.0200, -0.4200, -0.490905, 0.412919, 0.753986, 0.007439, 0.011543, 0.001033, 22
n_summary_pt: 0.1800, -0.0200, -0.3800, -0.386418, 0.344044, 0.810514, 0.032663, 0.033501, 0.009218, 540
n_summary_pt: 0.1800, -0.0200, -0.3400, -0.323106, 0.305770, 0.851495, 0.029188, 0.039276, 0.008599, 1198
n_summary_pt: 0.1800, -0.0200, -0.3000, -0.329525, 0.295907, 0.863145, 0.026678, 0.025265, 0.006890, 1768
n_summary_pt: 0.1800, -0.0200, -0.2600, -0.319399, 0.278153, 0.869773, 0.031110, 0.024580, 0.008421, 1869
n_summary_pt: 0.1800, -0.0200, -0.2200, -0.204780, 0.289088, 0.884112, 0.032747, 0.047855, 0.012239, 1703
n_summary_pt: 0.1800, -0.0200, -0.1800, -0.081258, 0.153820, 0.948276, 0.014871, 0.047235, 0.008403, 1516
n_summary_pt: 0.1800, -0.0200, -0.1400, -0.029676, 0.090882, 0.972964, 0.004187, 0.034986, 0.005028, 1243
n_summary_pt: 0.1800, -0.0200, -0.1000, -0.010657, 0.066545, 0.984486, 0.001110, 0.022918, 0.002217, 788
n_summary_pt: 0.1800, -0.0200, -0.0600, -0.002092, 0.027861, 0.994467, 0.000207, 0.009391, 0.000656, 328
n_summary_pt: 0.1800, -0.0200, -0.0200, 0.000602, 0.027692, 0.996085, 0.000005, 0.006903, 0.000138, 30
n_summary_pt: 0.1800, -0.0200, 0.0200, 0.000000, 0.000000, 1.000000, 0.000000, 0.000000, 0.000000, 5
n_summary_pt: 0.1800, 0.0200, -0.4200, -0.576584, 0.026254, 0.809037, 0.003674, 0.006983, 0.001663, 54
n_summary_pt: 0.1800, 0.0200, -0.3800, -0.521497, 0.142596, 0.823416, 0.015649, 0.009540, 0.004504, 551
n_summary_pt: 0.1800, 0.0200, -0.3400, -0.445144, 0.167525, 0.851876, 0.031869, 0.009122, 0.007099, 750
n_summary_pt: 0.1800, 0.0200, -0.3000, -0.318608, 0.116085, 0.904635, 0.047578, 0.011850, 0.007221, 671
n_summary_pt: 0.1800, 0.0200, -0.2600, -0.252222, 0.107122, 0.933717, 0.038606, 0.009752, 0.004723, 452
n_summary_pt: 0.1800, 0.0200, -0.2200, -0.236150, 0.122942, 0.934216, 0.037430, 0.013033, 0.005895, 244
n_summary_pt: 0.1800, 0.0200, -0.1800, -0.076710, 0.059106, 0.975606, 0.022330, 0.011896, 0.004590, 99
n_summary_pt: 0.1800, 0.0200, -0.1400, 0.000000, 0.000000, 1.000000, 0.000000, 0.000000, 0.000000, 56
n_summary_pt: 0.1800, 0.0200, -0.1000, 0.000000, 0.000000, 1.000000, 0.000000, 0.000000, 0.000000, 22
n_summary_pt: 0.1800, 0.0200, -0.0600, 0.000000, 0.000000, 1.000000, 0.000000, 0.000000, 0.000000, 5
n_summary_pt: 0.1800, 0.0600, -0.4200, -0.573818, -0.037488, 0.816743, 0.000885, 0.000930, 0.000444, 66
n_summary_pt: 0.1800, 0.0600, -0.3800, -0.586522, 0.038808, 0.801195, 0.007170, 0.003077, 0.002325, 84
n_summary_pt: 0.1800, 0.0600, -0.3400, -0.577707, 0.044505, 0.799028, 0.017207, 0.002817, 0.005805, 42
n_summary_pt: 0.1800, 0.0600, -0.3000, -0.552638, 0.053277, 0.783688, 0.054532, 0.006661, 0.016393, 10
n_summary_pt: 0.1800, 0.0600, -0.2600, -0.316051, 0.000000, 0.948710, 0.000054, 0.000000, 0.000006, 3
n_summary_pt: 0.1800, 0.1000, 0.1400, 0.000000, 0.000000, 1.000000, 0.000000, 0.000000, 0.000000, 1
n_summary_pt: 0.1800, 0.1800, 0.1800, 0.000000, 0.000000, 1.000000, 0.000000, 0.000000, 0.000000, 2
n_summary_pt: 0.2200, -0.1400, 0.0600, 0.158026, 0.627587, 0.762308, 0.000020, 0.000020, 0.000008, 2
n_summary_pt: 0.2200, -0.1000, -0.3400, -0.367453, 0.465394, 0.803687, 0.001887, 0.000359, 0.000229, 13
n_summary_pt: 0.2200, -0.1000, -0.3000, -0.434947, 0.460532, 0.755801, 0.021022, 0.005871, 0.000604, 6
n_summary_pt: 0.2200, -0.1000, -0.2600, -0.266601, 0.555562, 0.779038, 0.011444, 0.000781, 0.001149, 21
n_summary_pt: 0.2200, -0.1000, -0.2200, -0.215667, 0.588307, 0.769534, 0.011219, 0.002266, 0.001715, 120
n_summary_pt: 0.2200, -0.1000, -0.1800, -0.132797, 0.507311, 0.823573, 0.006017, 0.034606, 0.006104, 194
n_summary_pt: 0.2200, -0.1000, -0.1400, -0.094591, 0.529282, 0.811407, 0.003315, 0.042057, 0.007160, 282
n_summary_pt: 0.2200, -0.1000, -0.1000, -0.023751, 0.464596, 0.844660, 0.002161, 0.059817, 0.008158, 411
n_summary_pt: 0.2200, -0.1000, -0.0600, 0.024339, 0.543464, 0.815752, 0.002683, 0.030545, 0.005376, 489
n_summary_pt: 0.2200, -0.1000, -0.0200, 0.046196, 0.514993, 0.828059, 0.001960, 0.038602, 0.006404, 449
n_summary_pt: 0.2200, -0.1000, 0.0200, 0.091557, 0.559901, 0.800014, 0.001864, 0.030372, 0.005870, 230
n_summary_pt: 0.2200, -0.1000, 0.0600, 0.121417, 0.545097, 0.805053, 0.001728, 0.033100, 0.005189, 74
n_summary_pt: 0.2200, -0.1000, 0.1000, 0.172699, 0.572278, 0.798078, 0.000539, 0.003322, 0.001883, 24
n_summary_pt: 0.2200, -0.0600, -0.4200, -0.392806, 0.406351, 0.824327, 0.000673, 0.000381, 0.000013, 6
n_summary_pt: 0.2200, -0.0600, -0.3800, -0.383454, 0.415381, 0.817897, 0.006353, 0.003697, 0.001416, 84
n_summary_pt: 0.2200, -0.0600, -0.3400, -0.376546, 0.436811, 0.808515, 0.008817, 0.003466, 0.001429, 276
n_summary_pt: 0.2200, -0.0600, -0.3000, -0.330190, 0.449572, 0.820750, 0.008499, 0.004725, 0.002005, 585
n_summary_pt: 0.2200, -0.0600, -0.2600, -0.300113, 0.464008, 0.815808, 0.013398, 0.011415, 0.004274, 1213
n_summary_pt: 0.2200, -0.0600, -0.2200, -0.283061, 0.445657, 0.812874, 0.024996, 0.027590, 0.007915, 1956
n_summary_pt: 0.2200, -0.0600, -0.1800, -0.170999, 0.434677, 0.841619, 0.015801, 0.048295, 0.009396, 1644
n_summary_pt: 0.2200, -0.0600, -0.1400, -0.097889, 0.398853, 0.870961, 0.005716, 0.058357, 0.008689, 1203
n_summary_pt: 0.2200, -0.0600, -0.1000, -0.062201, 0.428565, 0.864158, 0.003721, 0.053838, 0.008134, 787
n_summary_pt: 0.2200, -0.0600, -0.0600, -0.001629, 0.382997, 0.872426, 0.002135, 0.078904, 0.011144, 510
n_summary_pt: 0.2200, -0.0600, -0.0200, 0.027649, 0.401836, 0.875302, 0.002522, 0.061519, 0.007569, 194
n_summary_pt: 0.2200, -0.0600, 0.0200, 0.068402, 0.508165, 0.844196, 0.002368, 0.018163, 0.003891, 40
n_summary_pt: 0.2200, -0.0600, 0.0600, 0.129430, 0.529762, 0.837802, 0.000272, 0.000326, 0.000091, 9
n_summary_pt: 0.2200, -0.0600, 0.1000, 0.153511, 0.532772, 0.832219, 0.000000, 0.000000, 0.000000, 1
n_summary_pt: 0.2200, -0.0200, -0.4200, -0.518474, 0.305767, 0.785616, 0.009673, 0.009165, 0.001660, 36
n_summary_pt: 0.2200, -0.0200, -0.3800, -0.443482, 0.330101, 0.799403, 0.028520, 0.019536, 0.007256, 554
n_summary_pt: 0.2200, -0.0200, -0.3400, -0.392193, 0.315432, 0.839728, 0.020626, 0.015503, 0.005415, 773
n_summary_pt: 0.2200, -0.0200, -0.3000, -0.372471, 0.344248, 0.849779, 0.010215, 0.007512, 0.002907, 1028
n_summary_pt: 0.2200, -0.0200, -0.2600, -0.361069, 0.372812, 0.838736, 0.012264, 0.010046, 0.004852, 1158
n_summary_pt: 0.2200, -0.0200, -0.2200, -0.273204, 0.375102, 0.856747, 0.017783, 0.024250, 0.008610, 851
n_summary_pt: 0.2200, -0.0200, -0.1800, -0.164686, 0.300809, 0.891948, 0.021718, 0.053542, 0.011561, 282
n_summary_pt: 0.2200, -0.0200, -0.1400, -0.090722, 0.227497, 0.923779, 0.011724, 0.064428, 0.010495, 150
n_summary_pt: 0.2200, -0.0200, -0.1000, -0.060114, 0.141901, 0.954777, 0.010349, 0.048126, 0.006176, 35
n_summary_pt: 0.2200, -0.0200, -0.0600, -0.017157, 0.269095, 0.913649, 0.008439, 0.075357, 0.008743, 10
n_summary_pt: 0.2200, 0.0200, -0.4200, -0.582784, 0.210122, 0.779732, 0.001846, 0.005203, 0.001181, 26
n_summary_pt: 0.2200, 0.0200, -0.3800, -0.508681, 0.197678, 0.813568, 0.023613, 0.011032, 0.005630, 542
n_summary_pt: 0.2200, 0.0200, -0.3400, -0.419840, 0.160318, 0.854668, 0.045943, 0.012331, 0.009300, 638
n_summary_pt: 0.2200, 0.0200, -0.3000, -0.321033, 0.180467, 0.903271, 0.027249, 0.014822, 0.006400, 203
n_summary_pt: 0.2200, 0.0200, -0.2600, -0.320679, 0.213560, 0.905830, 0.017605, 0.010541, 0.002882, 80
n_summary_pt: 0.2200, 0.0200, -0.2200, -0.232975, 0.210851, 0.940958, 0.011494, 0.002897, 0.001471, 20
n_summary_pt: 0.2200, 0.0200, -0.1800, -0.097073, 0.088043, 0.982509, 0.009433, 0.007762, 0.000306, 4
n_summary_pt: 0.2200, 0.0600, -0.3800, -0.555992, 0.032680, 0.829653, 0.000820, 0.000299, 0.000362, 21
n_summary_pt: 0.2200, 0.0600, -0.3400, -0.605012, 0.054180, 0.793694, 0.000615, 0.000063, 0.000398, 13
n_summary_pt: 0.2200, 0.0600, -0.3000, -0.641132, 0.058695, 0.765122, 0.000041, 0.000020, 0.000031, 4
n_summary_pt: 0.2600, -0.1000, -0.2600, -0.400708, 0.572278, 0.713013, 0.002058, 0.001405, 0.000080, 8
n_summary_pt: 0.2600, -0.1000, -0.2200, -0.423349, 0.524273, 0.736565, 0.001831, 0.001491, 0.000063, 17
n_summary_pt: 0.2600, -0.1000, -0.1800, -0.308024, 0.600999, 0.728242, 0.007238, 0.003590, 0.002757, 9
n_summary_pt: 0.2600, -0.1000, -0.1400, -0.169765, 0.554444, 0.772993, 0.008591, 0.048129, 0.009534, 15
n_summary_pt: 0.2600, -0.1000, -0.1000, 0.000000, 0.000000, 1.000000, 0.000000, 0.000000, 0.000000, 4
n_summary_pt: 0.2600, -0.0600, -0.3400, -0.429830, 0.419295, 0.799147, 0.000411, 0.000172, 0.000219, 30
n_summary_pt: 0.2600, -0.0600, -0.3000, -0.442472, 0.441082, 0.779079, 0.001618, 0.001039, 0.000044, 13
n_summary_pt: 0.2600, -0.0600, -0.2600, -0.410194, 0.463221, 0.774996, 0.007529, 0.006206, 0.002814, 94
n_summary_pt: 0.2600, -0.0600, -0.2200, -0.368649, 0.459228, 0.779996, 0.017385, 0.021409, 0.006018, 291
n_summary_pt: 0.2600, -0.0600, -0.1800, -0.261029, 0.425177, 0.805565, 0.027746, 0.061167, 0.013240, 118
n_summary_pt: 0.2600, -0.0600, -0.1400, -0.109055, 0.402184, 0.851377, 0.007706, 0.081253, 0.012553, 65
n_summary_pt: 0.2600, -0.0600, -0.1000, -0.160457, 0.536940, 0.821126, 0.002298, 0.005967, 0.003437, 13
n_summary_pt: 0.2600, -0.0600, -0.0600, -0.021778, 0.374481, 0.890386, 0.000567, 0.060246, 0.005690, 17
n_summary_pt: 0.2600, -0.0600, -0.0200, -0.011288, 0.503424, 0.861803, 0.000423, 0.002380, 0.000930, 4
n_summary_pt: 0.2600, -0.0600, 0.0200, 0.105350, 0.517722, 0.849012, 0.000018, 0.000018, 0.000008, 3
n_summary_pt: 0.2600, -0.0200, -0.3800, -0.358944, 0.230266, 0.853339, 0.057747, 0.021384, 0.010819, 4
n_summary_pt: 0.2600, -0.0200, -0.3400, -0.464043, 0.299496, 0.831244, 0.001070, 0.002485, 0.000444, 18
n_summary_pt: 0.2600, -0.0200, -0.3000, -0.437244, 0.396846, 0.803727, 0.001539, 0.002682, 0.001134, 19
n_summary_pt: 0.2600, -0.0200, -0.2600, -0.434468, 0.366127, 0.812852, 0.009945, 0.003249, 0.003266, 44
n_summary_pt: 0.2600, -0.0200, -0.2200, -0.351245, 0.369074, 0.849421, 0.008220, 0.008285, 0.002391, 39
n_summary_pt: 0.2600, -0.0200, -0.1800, -0.088043, 0.097073, 0.962897, 0.023255, 0.028269, 0.004130, 4
n_summary_pt: 0.2600, 0.0200, -0.3800, -0.169313, 0.049665, 0.927106, 0.086001, 0.007400, 0.015941, 4
n_summary_pt: 0.2600, 0.0200, -0.3400, -0.469562, 0.094170, 0.877751, 0.000140, 0.000020, 0.000038, 7
n_summary_pt: 0.3000, -0.0600, -0.2200, -0.415381, 0.460532, 0.784454, 0.000000, 0.000000, 0.000000, 1
n_summary_pt: 0.3000, -0.0200, -0.2200, -0.415381, 0.451502, 0.789686, 0.000000, 0.000000, 0.000000, 1
